supmat2_scripts_points_rasters/rasters/acro1p5lqh.asc
NCOLS 360 
NROWS 480 
XLLCORNER 119.5 
YLLCORNER 21.5 
CELLSIZE 0.00833333333333333 
NODATA_value -9999 
[rows 96 to 119 of 480, columns 220 to 274 of 360]
0.474577873945236 0.521677196025848 0.552122354507446 0.577942252159119 0.624589800834656 0.687964558601379 0.645199358463287 0.559663414955139 0.535136282444 0.49021989107132 0.393887281417847 0.359438389539719 0.317820608615875 0.301558315753937 0.310911893844604 0.312552720308304 0.312222421169281 0.328302562236786 0.399588793516159 0.466591238975525 0.445389211177826 0.402885288000107 0.377989321947098 0.421766549348831 0.427131146192551 0.466758608818054 0.525117695331573 0.61832994222641 0.661381781101227 0.559700727462769 0.608265280723572 0.612549662590027 0.744188785552979 0.806178152561188 0.82481575012207 0.831731498241425 0.858595192432404 0.86326676607132 0.867372334003448 0.868487477302551 0.785928905010223 0.780162930488586 0.771889209747314 0.769696950912476 0.770676076412201 0.773712635040283 0.77661144733429 0.777697563171387 0.778494119644165 0.779999434947968 0.78269362449646 0.783645272254944 0.784436881542206 0.783997118473053 0.785041630268097
0.476503044366837 0.447694957256317 0.481788337230682 0.505932450294495 0.561088979244232 0.672956585884094 0.60781866312027 0.536674618721008 0.500243127346039 0.462534725666046 0.423337012529373 0.44473585486412 0.363176673650742 0.37153485417366 0.413933724164963 0.380887418985367 0.31179279088974 0.33259442448616 0.399706780910492 0.406013458967209 0.349791824817657 0.310322433710098 0.362484931945801 0.409721702337265 0.443043202161789 0.514233350753784 0.554292142391205 0.513882160186768 0.688965141773224 0.720062077045441 0.738439500331879 0.77367240190506 0.794227302074432 0.806221187114716 0.844820618629456 0.857808470726013 0.862508535385132 0.864623844623566 0.86294960975647 0.859960734844208 0.778131663799286 0.771001160144806 0.769814014434814 0.767486333847046 0.770382523536682 0.773796856403351 0.776049315929413 0.778942346572876 0.778898417949677 0.780779659748077 0.78082263469696 0.781212985515594 0.781094968318939 0.785150170326233 0.785133004188538
0.536432445049286 0.514499127864838 0.581081032752991 0.604435741901398 0.631516516208649 0.688840806484222 0.64886200428009 0.567923486232758 0.595790863037109 0.547288835048676 0.498096644878387 0.477588802576065 0.419865667819977 0.445150703191757 0.38504683971405 0.334067046642303 0.298694133758545 0.282491773366928 0.300087362527847 0.311687797307968 0.294411867856979 0.334700047969818 0.398947775363922 0.441795110702515 0.499843835830688 0.589511930942535 0.624372065067291 0.54082727432251 0.585100829601288 0.722214877605438 0.775891542434692 0.79430228471756 0.823619246482849 0.840368390083313 0.854870080947876 0.861234068870544 0.862761914730072 0.863480091094971 0.777865648269653 0.776983618736267 0.772532284259796 0.768042802810669 0.767350673675537 0.768359422683716 0.771318018436432 0.775083661079407 0.776058614253998 0.77885103225708 0.779757976531982 0.781473636627197 0.782939374446869 0.780811846256256 0.779417097568512 0.780249118804932 0.785829722881317
0.607602596282959 0.621552884578705 0.633300006389618 0.65544992685318 0.667785942554474 0.616454780101776 0.577461898326874 0.611069560050964 0.614020109176636 0.50548654794693 0.490382105112076 0.486120015382767 0.471202582120895 0.42247411608696 0.322603911161423 0.302351742982864 0.275380313396454 0.255331546068192 0.293918609619141 0.31628692150116 0.346963614225388 0.421917706727982 0.472941070795059 0.453141808509827 0.570580899715424 0.647795796394348 0.693271636962891 0.720700800418854 0.699852585792542 0.743861615657806 0.791905283927917 0.817118406295776 0.839581847190857 0.853105247020721 0.856182515621185 0.860571444034576 0.863331079483032 0.864714026451111 0.866940498352051 0.865118324756622 0.781269788742065 0.778386235237122 0.775540828704834 0.774204015731812 0.772937595844269 0.77562940120697 0.777100741863251 0.77896773815155 0.780874907970428 0.780787765979767 0.78333580493927 0.781466841697693 0.780311524868011 0.780020415782928 0.783455908298492
0.604972958564758 0.56412672996521 0.609544813632965 0.577832758426666 0.557907283306122 0.546930313110352 0.46639484167099 0.514630317687988 0.590863585472107 0.473272562026978 0.393829047679901 0.386131137609482 0.391800045967102 0.344893127679825 0.341937780380249 0.372801393270493 0.320993423461914 0.335435092449188 0.376527398824692 0.402822107076645 0.410198092460632 0.485382497310638 0.523391127586365 0.482622802257538 0.556433022022247 0.603774547576904 0.660425782203674 0.750407457351685 0.776520848274231 0.784668684005737 0.819020926952362 0.840471625328064 0.848495423793793 0.850403070449829 0.856929540634155 0.860260188579559 0.861804127693176 0.865210890769958 0.866441130638123 0.864678680896759 0.784943521022797 0.789160132408142 0.777554214000702 0.765495955944061 0.776327908039093 0.77578741312027 0.777352333068848 0.778567254543304 0.780842959880829 0.785388946533203 0.782497465610504 0.78224790096283 0.782201528549194 0.781791985034943 0.783952414989471
0.525302171707153 0.45926558971405 0.53864198923111 0.46017724275589 0.436631590127945 0.440577447414398 0.445321470499039 0.528290510177612 0.589312016963959 0.480168640613556 0.421719253063202 0.408761709928513 0.378761351108551 0.368319034576416 0.380245536565781 0.409819841384888 0.41977471113205 0.42249783873558 0.430837869644165 0.452232390642166 0.486188173294067 0.573251187801361 0.545817255973816 0.54270875453949 0.623362421989441 0.668324708938599 0.663624048233032 0.721886277198792 0.779434323310852 0.821149587631226 0.83527809381485 0.84341287612915 0.835942327976227 0.836981654167175 0.848208963871002 0.853600740432739 0.834592819213867 0.851292431354523 0.843945503234863 0.744092464447021 0.778600215911865 0.780514299869537 0.75657045841217 0.755694806575775 0.767987728118896 0.779058337211609 0.778716564178467 0.782167971134186 0.783905208110809 0.785269856452942 0.785477638244629 0.785680413246155 0.78670746088028 0.785132110118866 0.785365045070648
0.481736868619919 0.403460144996643 0.458100855350494 0.422181338071823 0.363795518875122 0.354074060916901 0.446364492177963 0.495657563209534 0.534814476966858 0.549671530723572 0.503069460391998 0.489951729774475 0.460846424102783 0.443006813526154 0.427905201911926 0.440514802932739 0.424575507640839 0.440514117479324 0.473497867584229 0.50028133392334 0.557804882526398 0.639724850654602 0.58124053478241 0.565190315246582 0.669823467731476 0.73545104265213 0.728725850582123 0.78715193271637 0.822276294231415 0.833967506885529 0.839861750602722 0.843655526638031 0.843336045742035 0.835548639297485 0.812687337398529 0.71940141916275 0.716398000717163 0.712277591228485 0.693284869194031 0.695814430713654 0.739914119243622 0.732162177562714 0.742825746536255 0.753625869750977 0.766763627529144 0.784515202045441 0.78301876783371 0.782030165195465 0.774002194404602 0.787162840366364 0.791604578495026 0.790963351726532 0.789082705974579 0.788123607635498 0.78694474697113
0.399736434221268 0.346383839845657 0.333178371191025 0.322919428348541 0.3002610206604 0.299381405115128 0.359677255153656 0.406049430370331 0.473265051841736 0.543793916702271 0.51969051361084 0.481079638004303 0.465662926435471 0.469237089157104 0.447128236293793 0.438776522874832 0.434513449668884 0.433752626180649 0.514293193817139 0.563203930854797 0.615868151187897 0.667147636413574 0.580622971057892 0.623612999916077 0.662122189998627 0.751717865467072 0.802592813968658 0.813927948474884 0.825134456157684 0.835237801074982 0.823629796504974 0.816875398159027 0.845365881919861 0.841836154460907 0.804103672504425 0.663876414299011 0.644587934017181 0.641230583190918 0.63152027130127 0.67064368724823 0.676481902599335 0.687016308307648 0.735301613807678 0.771493196487427 0.785898983478546 0.787345409393311 0.786584854125977 0.763877213001251 0.753820836544037 0.783991158008575 0.794389605522156 0.791602373123169 0.793229699134827 0.79156482219696 0.788022100925446
0.30187115073204 0.311535388231277 0.289977550506592 0.255605190992355 0.295173585414886 0.349595218896866 0.397024691104889 0.466010272502899 0.51656037569046 0.502308487892151 0.416270762681961 0.387824416160583 0.367639303207397 0.444088608026505 0.429011315107346 0.401234894990921 0.38910037279129 0.406954169273376 0.457611173391342 0.556800603866577 0.655365943908691 0.694188237190247 0.631155788898468 0.666173100471497 0.738292217254639 0.782751381397247 0.793273508548737 0.796116888523102 0.799449145793915 0.808268845081329 0.800714015960693 0.816454172134399 0.831705987453461 0.831462264060974 0.828196048736572 0.706609904766083 0.675949454307556 0.65572601556778 0.633511245250702 0.679754614830017 0.690777480602264 0.704343974590302 0.72738116979599 0.761978447437286 0.782853960990906 0.774361610412598 0.76944488286972 0.769488215446472 0.790175795555115 0.796196401119232 0.788354814052582 0.787127912044525 0.795691967010498 0.793731451034546 0.792083740234375
0.219802275300026 0.236308604478836 0.24209251999855 0.226695597171783 0.274742275476456 0.349048584699631 0.43279242515564 0.476458847522736 0.437767565250397 0.445550233125687 0.387497186660767 0.325596183538437 0.322911411523819 0.412767738103867 0.435406416654587 0.375375807285309 0.375620782375336 0.426567882299423 0.455917119979858 0.545365691184998 0.597104430198669 0.693852126598358 0.721655130386353 0.725384771823883 0.785235643386841 0.78251188993454 0.748672306537628 0.758988916873932 0.760640680789948 0.75312477350235 0.646864295005798 0.769906282424927 0.804988384246826 0.805836975574493 0.796890497207642 0.811673521995544 0.692311823368073 0.633973717689514 0.642833650112152 0.696962833404541 0.737087070941925 0.75292694568634 0.757174491882324 0.773673355579376 0.775353848934174 0.759301900863647 0.758133351802826 0.783948302268982 0.7638800740242 0.783261120319366 0.787758111953735 0.778400301933289 0.779840707778931 0.789221048355103 0.7957883477211
0.268108725547791 0.253863006830215 0.249150574207306 0.227692350745201 0.291204571723938 0.323157340288162 0.377343207597733 0.438492178916931 0.359185069799423 0.332607209682465 0.340180963277817 0.306726008653641 0.349640160799026 0.425435334444046 0.39636367559433 0.388071477413177 0.446024745702744 0.501628458499908 0.533311009407043 0.55522084236145 0.613235116004944 0.679913580417633 0.750738859176636 0.784436106681824 0.79222160577774 0.767042517662048 0.75311666727066 0.604458510875702 0.554286539554596 0.560944318771362 0.641603767871857 0.756660342216492 0.773556232452393 0.649025142192841 0.628609716892242 0.67071270942688 0.712099850177765 0.656186938285828 0.667828977108002 0.708825528621674 0.711199939250946 0.740479469299316 0.766084313392639 0.743972361087799 0.749213516712189 0.76193231344223 0.732178568840027 0.753189206123352 0.733236074447632 0.775535583496094 0.759692013263702 0.73238742351532 0.749252796173096 0.768373370170593 0.763027012348175
0.337363600730896 0.328566402196884 0.290398299694061 0.226303473114967 0.23609285056591 0.266697704792023 0.340676605701447 0.363741934299469 0.319481313228607 0.259797543287277 0.280302852392197 0.313523203134537 0.377617478370667 0.409814268350601 0.37655121088028 0.412393748760223 0.477090537548065 0.536297202110291 0.612419307231903 0.66568249464035 0.717289507389069 0.732704222202301 0.779207170009613 0.791914880275726 0.771957159042358 0.720104455947876 0.709643602371216 0.533816039562225 0.487148880958557 0.557557761669159 0.592274129390717 0.622603714466095 0.62881076335907 0.603392124176025 0.652981877326965 0.675908923149109 0.700334787368774 0.686344146728516 0.628297209739685 0.634814739227295 0.691388785839081 0.734257936477661 0.732669711112976 0.732210218906403 0.702739179134369 0.745747208595276 0.709952592849731 0.680500030517578 0.698073148727417 0.753195464611053 0.716749370098114 0.675325870513916 0.697092473506927 0.708972871303558 0.718318402767181
0.321387857198715 0.317608058452606 0.299925684928894 0.245433315634727 0.161405175924301 0.224667921662331 0.236213371157646 0.291630774736404 0.241481885313988 0.263603687286377 0.28685137629509 0.313417732715607 0.33704662322998 0.388102293014526 0.427999794483185 0.444528579711914 0.470132857561111 0.518799424171448 0.567879974842072 0.627658188343048 0.694622457027435 0.780487775802612 0.79923677444458 0.774905562400818 0.759575068950653 0.668366611003876 0.526228606700897 0.51394510269165 0.470487892627716 0.521355390548706 0.562599778175354 0.580972015857697 0.618983685970306 0.574248254299164 0.587526082992554 0.602985143661499 0.651669859886169 0.674549579620361 0.634875059127808 0.59386420249939 0.634060621261597 0.703853368759155 0.709064900875092 0.697775423526764 0.648899614810944 0.705868065357208 0.729974746704102 0.666527628898621 0.67376846075058 0.659069776535034 0.63292407989502 0.674216568470001 0.699667632579803 0.715089082717896 0.74731582403183
0.266264379024506 0.250075340270996 0.241546645760536 0.203332901000977 0.209907233715057 0.209620788693428 0.164344444870949 0.224766030907631 0.240284100174904 0.311195701360703 0.34740737080574 0.346680998802185 0.35740652680397 0.432661950588226 0.507499039173126 0.535478532314301 0.566271245479584 0.623704195022583 0.65871250629425 0.6783087849617 0.7533820271492 0.781115829944611 0.762237131595612 0.704435348510742 0.732255697250366 0.674306094646454 0.536143183708191 0.458440601825714 0.496888875961304 0.447891443967819 0.480033546686172 0.528664529323578 0.581560373306274 0.524578154087067 0.493758738040924 0.541356146335602 0.614792823791504 0.632520735263824 0.58499413728714 0.548287034034729 0.632559776306152 0.697012543678284 0.666690528392792 0.632086932659149 0.626649081707001 0.684407830238342 0.697915375232697 0.699638783931732 0.647772192955017 0.563149571418762 0.567157685756683 0.638474404811859 0.697835087776184 0.722694993019104 0.711034655570984
0.311783850193024 0.320236146450043 0.254088222980499 0.235870465636253 0.271588236093521 0.214339300990105 0.229214385151863 0.268099516630173 0.295410990715027 0.315961480140686 0.386480212211609 0.431438386440277 0.455549836158752 0.440752059221268 0.462356001138687 0.564306497573853 0.649452149868011 0.7100949883461 0.713517725467682 0.744193315505981 0.759188175201416 0.729532957077026 0.66288560628891 0.627059519290924 0.686782479286194 0.691325962543488 0.565352916717529 0.445891290903091 0.488062769174576 0.473946571350098 0.474629402160645 0.53570830821991 0.541834890842438 0.477264791727066 0.508229553699493 0.561672031879425 0.584683477878571 0.541892826557159 0.548494637012482 0.531828582286835 0.625600695610046 0.665247201919556 0.615444242954254 0.556078255176544 0.573808133602142 0.608039855957031 0.614117503166199 0.63598507642746 0.634573519229889 0.559118807315826 0.595556259155273 0.648921549320221 0.668504357337952 0.665306746959686 0.657868146896362
0.344413489103317 0.323237091302872 0.303433835506439 0.310613095760345 0.272889077663422 0.27127343416214 0.300525188446045 0.29321762919426 0.276327401399612 0.292270600795746 0.322795271873474 0.401436388492584 0.497681856155396 0.556354403495789 0.524147570133209 0.554313123226166 0.68502813577652 0.662217676639557 0.665780067443848 0.735778331756592 0.736656844615936 0.697282135486603 0.612902522087097 0.559065580368042 0.602830648422241 0.597868978977203 0.546175003051758 0.501279294490814 0.41470855474472 0.44999361038208 0.44884529709816 0.50058776140213 0.446857452392578 0.420776784420013 0.470086723566055 0.470011472702026 0.521755158901215 0.456291854381561 0.475352674722672 0.554511368274689 0.61073499917984 0.589696407318115 0.525471866130829 0.581879198551178 0.60303145647049 0.559171617031097 0.553577601909637 0.561330735683441 0.57358717918396 0.538314998149872 0.577117562294006 0.630582809448242 0.609913945198059 0.55697238445282 0.580968260765076
0.327981293201447 0.355711817741394 0.338911861181259 0.338922083377838 0.314022183418274 0.306588739156723 0.259465128183365 0.2595075070858 0.288744449615479 0.348590523004532 0.381693691015244 0.385920375585556 0.458245366811752 0.526928842067719 0.596433818340302 0.645558953285217 0.706995189189911 0.653407096862793 0.650581896305084 0.730583071708679 0.70055627822876 0.725234568119049 0.664400637149811 0.574618577957153 0.510354936122894 0.502854824066162 0.476961255073547 0.484622865915298 0.416882425546646 0.437966018915176 0.420781195163727 0.409617245197296 0.408609658479691 0.412115037441254 0.423655301332474 0.406366318464279 0.411994129419327 0.439601600170135 0.405976235866547 0.479140907526016 0.52390068769455 0.533779263496399 0.54899799823761 0.577476441860199 0.617540657520294 0.577727019786835 0.582626461982727 0.552776277065277 0.543232083320618 0.50599467754364 0.493411213159561 0.584379196166992 0.545485198497772 0.498270869255066 0.557985782623291
0.33815985918045 0.347872376441956 0.339136570692062 0.329202860593796 0.298166126012802 0.279514908790588 0.261420249938965 0.249290391802788 0.322098582983017 0.399185955524445 0.450593769550323 0.494221717119217 0.528487920761108 0.53886491060257 0.651012241840363 0.693328380584717 0.716673314571381 0.675975024700165 0.602736055850983 0.699179947376251 0.699715495109558 0.68498969078064 0.694225907325745 0.583499133586884 0.498815894126892 0.472648799419403 0.465253978967667 0.462426126003265 0.44441756606102 0.382427722215652 0.446256935596466 0.407714486122131 0.364249408245087 0.332087814807892 0.352015733718872 0.408201903104782 0.432557791471481 0.39671465754509 0.444229453802109 0.500952243804932 0.528872489929199 0.558856010437012 0.544990718364716 0.546574652194977 0.57073962688446 0.603614151477814 0.610519766807556 0.610889315605164 0.579324722290039 0.545558333396912 0.458764612674713 0.521036326885223 0.485095053911209 0.446051269769669 0.520849645137787
0.326233446598053 0.343640327453613 0.341930747032166 0.323406934738159 0.24279248714447 0.207863762974739 0.212161436676979 0.233194410800934 0.296124368906021 0.316242158412933 0.393291026353836 0.520428895950317 0.583731830120087 0.633287668228149 0.695349872112274 0.635223627090454 0.666812717914581 0.607453227043152 0.571191430091858 0.641902208328247 0.68820196390152 0.656631767749786 0.670167744159698 0.637405097484589 0.553374111652374 0.536977350711823 0.499515444040298 0.447769910097122 0.359799146652222 0.369234383106232 0.414370566606522 0.352406471967697 0.299666613340378 0.356752663850784 0.398198068141937 0.390958338975906 0.434463083744049 0.465332329273224 0.490477323532104 0.4561747610569 0.490838587284088 0.529917061328888 0.442521810531616 0.4513900578022 0.516807317733765 0.539040207862854 0.603595674037933 0.607337296009064 0.517300426959991 0.485398322343826 0.419544488191605 0.439283549785614 0.438390284776688 0.418213754892349 0.445697993040085
0.229827091097832 0.31538724899292 0.340842217206955 0.29690957069397 0.28500172495842 0.242360085248947 0.203603610396385 0.22860187292099 0.312744796276093 0.376738101243973 0.435742914676666 0.462018996477127 0.51333612203598 0.639191031455994 0.665301978588104 0.584235370159149 0.554227471351624 0.552104115486145 0.533440172672272 0.63380765914917 0.613890528678894 0.584192395210266 0.546828925609589 0.593774497509003 0.599635720252991 0.485581308603287 0.463975876569748 0.406354904174805 0.32105365395546 0.368875414133072 0.336701154708862 0.298614799976349 0.310448706150055 0.376639634370804 0.367460072040558 0.366544932126999 0.403580188751221 0.407324194908142 0.468192666769028 0.391876667737961 0.428391486406326 0.483121126890182 0.428143620491028 0.396466672420502 0.474003702402115 0.580022752285004 0.592209160327911 0.53725665807724 0.531169831752777 0.480926662683487 0.42670726776123 0.388613522052765 0.484406769275665 0.48710361123085 0.484947115182877
0.253120988607407 0.307015299797058 0.339420437812805 0.263267248868942 0.276324927806854 0.286572009325027 0.270343095064163 0.270828634500504 0.326374143362045 0.44006073474884 0.510437786579132 0.549043536186218 0.591630816459656 0.66154283285141 0.615511476993561 0.526559054851532 0.471381604671478 0.48509880900383 0.51566606760025 0.580618858337402 0.511615216732025 0.490858823060989 0.461554676294327 0.52307665348053 0.558324694633484 0.474135130643845 0.4540756046772 0.373976409435272 0.273248314857483 0.314547449350357 0.260627388954163 0.272744208574295 0.301203072071075 0.349463284015656 0.362145394086838 0.361100763082504 0.358586966991425 0.423949271440506 0.417542785406113 0.385190814733505 0.427716463804245 0.424145400524139 0.423331201076508 0.375489145517349 0.466505467891693 0.532833456993103 0.6112380027771 0.603239953517914 0.576807796955109 0.542416036128998 0.51929235458374 0.432743489742279 0.535023331642151 0.511089682579041 0.451252669095993
0.336658954620361 0.334041386842728 0.311383306980133 0.235656246542931 0.218341931700706 0.246776908636093 0.238443523645401 0.319091737270355 0.382996141910553 0.451381206512451 0.465067893266678 0.549496531486511 0.640369176864624 0.645915269851685 0.571802139282227 0.471667587757111 0.419896751642227 0.436401784420013 0.503848731517792 0.500505208969116 0.476910382509232 0.41170072555542 0.364506453275681 0.428919851779938 0.48193347454071 0.449622094631195 0.365823864936829 0.277192950248718 0.224403321743011 0.233988136053085 0.224682286381721 0.236295089125633 0.265271902084351 0.273768454790115 0.337511509656906 0.394548386335373 0.386485010385513 0.397168427705765 0.360403567552567 0.362851172685623 0.402767896652222 0.381560981273651 0.361134946346283 0.35872146487236 0.482533246278763 0.528765022754669 0.562457263469696 0.612823903560638 0.623121500015259 0.619365811347961 0.60704493522644 0.501533806324005 0.581647872924805 0.583319783210754 0.488826632499695
0.282717138528824 0.233498871326447 0.274550467729568 0.235013782978058 0.175929501652718 0.213094890117645 0.210649847984314 0.300032377243042 0.367092669010162 0.39808201789856 0.483991473913193 0.592435538768768 0.644387543201447 0.566907703876495 0.530158400535583 0.460604012012482 0.395614951848984 0.440673589706421 0.452457338571548 0.449641674757004 0.467785269021988 0.418716967105865 0.331941783428192 0.368014633655548 0.392532676458359 0.394253343343735 0.300211369991302 0.205864027142525 0.237193703651428 0.229234620928764 0.218318536877632 0.231062904000282 0.255779802799225 0.250633299350739 0.285291165113449 0.353321135044098 0.391292572021484 0.396772116422653 0.333889037370682 0.367829322814941 0.373949497938156 0.39422008395195 0.357208430767059 0.380329698324203 0.448458462953568 0.449772149324417 0.447863221168518 0.534173250198364 0.56640487909317 0.645404100418091 0.627350986003876 0.601806819438934 0.643940567970276 0.543105185031891 0.479870945215225
0.240533500909805 0.159214586019516 0.217759773135185 0.152941256761551 0.156677857041359 0.243167951703072 0.288859069347382 0.321358978748322 0.326503694057465 0.430996119976044 0.503714144229889 0.624339580535889 0.604078650474548 0.547801494598389 0.431956887245178 0.397741824388504 0.360146343708038 0.375779867172241 0.403877645730972 0.375057369470596 0.415741950273514 0.361311227083206 0.323436498641968 0.272148281335831 0.314335525035858 0.321595758199692 0.240236401557922 0.204684719443321 0.243335068225861 0.268980443477631 0.232262313365936 0.248760148882866 0.258354276418686 0.271900624036789 0.261546671390533 0.29351732134819 0.294075310230255 0.29559999704361 0.331459671258926 0.35142907500267 0.334119975566864 0.324974596500397 0.333272218704224 0.353439807891846 0.369026035070419 0.38807675242424 0.370643794536591 0.437554091215134 0.521962642669678 0.669219195842743 0.683852553367615 0.696963489055634 0.664173126220703 0.570902526378632 0.502047717571259
