supmat2_scripts_points_rasters/rasters/acro1p5lqh.asc
NCOLS 360 
NROWS 480 
XLLCORNER 119.5 
YLLCORNER 21.5 
CELLSIZE 0.00833333333333333 
NODATA_value -9999 
[rows 264 to 287 of 480, columns 55 to 109 of 360]
-9999 -9999 -9999 -9999 -9999 -9999 -9999 -9999 -9999 -9999 -9999 -9999 -9999 -9999 -9999 -9999 -9999 -9999 -9999 0.141024708747864 0.145479291677475 0.150226309895515 0.15469579398632 0.160904437303543 0.171283811330795 0.176633134484291 0.176631823182106 0.177767366170883 0.180086627602577 0.186170414090157 0.188383489847183 0.190258115530014 0.191563919186592 0.19656078517437 0.2076346129179 0.220627084374428 0.235936656594276 0.25717893242836 0.27874743938446 0.291992753744125 0.307357758283615 0.317334145307541 0.335413187742233 0.34325098991394 0.335296511650085 0.341016888618469 0.350019425153732 0.369998663663864 0.380060076713562 0.4012690782547 0.41353240609169 0.433121353387833 0.448523432016373 0.471769690513611 0.51876837015152
-9999 -9999 -9999 -9999 -9999 -9999 -9999 -9999 -9999 -9999 -9999 -9999 -9999 -9999 -9999 -9999 -9999 0.1619683355093 0.156768083572388 0.157056391239166 0.156022980809212 0.159758910536766 0.162232428789139 0.16970406472683 0.178740784525871 0.182115912437439 0.185443520545959 0.186285272240639 0.191324606537819 0.196079283952713 0.196432650089264 0.197989478707314 0.201532781124115 0.210885792970657 0.221692442893982 0.231980994343758 0.247384503483772 0.263458788394928 0.278758198022842 0.289015710353851 0.300677895545959 0.313770353794098 0.331015229225159 0.337629824876785 0.345918476581573 0.354606807231903 0.369204014539719 0.382216423749924 0.404466032981873 0.421623319387436 0.429215252399445 0.435913860797882 0.460571438074112 0.506919264793396 0.590154469013214
-9999 -9999 -9999 -9999 -9999 -9999 -9999 -9999 -9999 -9999 -9999 -9999 -9999 -9999 -9999 -9999 0.193086132407188 0.189973548054695 0.183988854289055 0.167767003178596 0.161601528525352 0.160651937127113 0.166947335004807 0.174983993172646 0.178493142127991 0.182603776454926 0.190405443310738 0.195498764514923 0.200339883565903 0.202151849865913 0.203021839261055 0.204089507460594 0.209523767232895 0.220333129167557 0.231690630316734 0.243441551923752 0.257161766290665 0.270685136318207 0.280657112598419 0.294131904840469 0.301964223384857 0.319249898195267 0.338739305734634 0.346174716949463 0.356992155313492 0.367194890975952 0.37922677397728 0.395179718732834 0.41413152217865 0.433942437171936 0.443359732627869 0.455242812633514 0.46457639336586 0.479712307453156 0.545467495918274
-9999 -9999 -9999 -9999 -9999 -9999 -9999 -9999 -9999 -9999 -9999 -9999 -9999 -9999 -9999 -9999 -9999 0.196107059717178 -9999 0.170663893222809 0.167582228779793 0.164970517158508 0.167594969272614 0.169535100460052 0.172640278935432 0.181917026638985 0.188857823610306 0.195341363549232 0.198932215571404 0.20837214589119 0.212814182043076 0.223307624459267 0.232046499848366 0.236136242747307 0.245454028248787 0.25367870926857 0.267286747694016 0.280052661895752 0.29084038734436 0.302512288093567 0.317344129085541 0.336238890886307 0.349140137434006 0.351094216108322 0.362749993801117 0.367172122001648 0.379943639039993 0.396062165498734 0.414320021867752 0.433337479829788 0.455961644649506 0.476872593164444 0.477795422077179 0.528180956840515 0.568643867969513
-9999 -9999 -9999 -9999 -9999 -9999 -9999 -9999 -9999 -9999 -9999 -9999 -9999 -9999 -9999 -9999 -9999 -9999 0.173973947763443 0.17279164493084 0.165177464485168 0.164075821638107 0.165130227804184 0.165365919470787 0.170734107494354 0.17929419875145 0.189816936850548 0.195127800107002 0.199335932731628 0.201422542333603 0.222857490181923 0.242509230971336 0.251437366008759 0.255187839269638 0.263305902481079 0.268380045890808 0.276334553956985 0.285707831382751 0.299796491861343 0.31380906701088 0.32895427942276 0.344017446041107 0.351863473653793 0.361326783895493 0.366293281316757 0.371642202138901 0.386907011270523 0.407329380512238 0.430025547742844 0.459493517875671 0.477834045886993 0.511314034461975 0.506245017051697 0.592536330223083 0.731604933738708
-9999 -9999 -9999 -9999 -9999 -9999 -9999 -9999 -9999 -9999 -9999 -9999 -9999 -9999 -9999 -9999 -9999 -9999 0.171108290553093 0.169922143220901 0.171263575553894 0.17261466383934 0.175116613507271 0.178035974502563 0.186321213841438 0.196222677826881 0.205558404326439 0.209942564368248 0.211820885539055 0.215243875980377 0.2346470952034 0.249628707766533 0.257232993841171 0.265280365943909 0.277311444282532 0.285050123929977 0.292719006538391 0.301663219928741 0.312302529811859 0.326056987047195 0.339618980884552 0.352039873600006 0.364456236362457 0.373329728841782 0.383241653442383 0.386894822120667 0.39905846118927 0.42270690202713 0.450309038162231 0.470961779356003 0.491836786270142 0.521663725376129 0.546108663082123 0.589799046516418 0.698657631874084
-9999 -9999 -9999 -9999 -9999 -9999 -9999 -9999 -9999 -9999 -9999 -9999 -9999 -9999 -9999 -9999 -9999 0.179004594683647 0.176590725779533 0.18512350320816 0.188266277313232 0.188708961009979 0.189893797039986 0.206080079078674 0.223491713404655 0.224620282649994 0.226184725761414 0.227657407522202 0.233435720205307 0.242084935307503 0.246998175978661 0.251424223184586 0.263250052928925 0.275063961744308 0.290148675441742 0.302586674690247 0.311072289943695 0.322012186050415 0.329726547002792 0.33676415681839 0.347522258758545 0.360805332660675 0.378716737031937 0.387881278991699 0.396446704864502 0.404979765415192 0.420323401689529 0.439293175935745 0.457879185676575 0.485884934663773 0.522014617919922 0.557868242263794 0.597661435604095 0.660089194774628 0.634713053703308
-9999 -9999 -9999 -9999 -9999 -9999 -9999 -9999 -9999 -9999 -9999 -9999 -9999 -9999 -9999 -9999 0.193544879555702 0.189902082085609 0.196764528751373 0.204767107963562 0.208665430545807 0.213898375630379 0.22071361541748 0.234491556882858 0.242097184062004 0.250450760126114 0.256698280572891 0.259155571460724 0.262057155370712 0.261518388986588 0.259076595306396 0.263909935951233 0.272523999214172 0.290490746498108 0.298484086990356 0.314543128013611 0.335813611745834 0.34159904718399 0.340163469314575 0.348030596971512 0.356166988611221 0.371905475854874 0.387159198522568 0.40693724155426 0.413934707641602 0.431854009628296 0.449370622634888 0.468321412801743 0.481353312730789 0.518500149250031 0.577555060386658 0.616698861122131 0.649775743484497 0.742687582969666 0.715323448181152
-9999 -9999 -9999 -9999 -9999 -9999 -9999 -9999 -9999 -9999 -9999 -9999 -9999 -9999 -9999 -9999 0.198466122150421 0.202892914414406 0.212026208639145 0.216126888990402 0.22345644235611 0.23465958237648 0.243640825152397 0.251319348812103 0.262962967157364 0.268793702125549 0.280316233634949 0.286458313465118 0.276164174079895 0.267816692590714 0.272193074226379 0.277056246995926 0.291352331638336 0.297662138938904 0.317586332559586 0.340782850980759 0.356673419475555 0.351665049791336 0.350644707679749 0.35799565911293 0.371583163738251 0.385390818119049 0.408365249633789 0.423837333917618 0.442833185195923 0.471991002559662 0.500394463539124 0.522792816162109 0.514333844184875 0.571451663970947 0.592710554599762 0.632269680500031 0.695962846279144 0.722474873065948 0.707122385501862
-9999 -9999 -9999 -9999 -9999 -9999 -9999 -9999 -9999 -9999 -9999 -9999 -9999 -9999 -9999 0.199954271316528 0.199986040592194 0.211961135268211 0.216544076800346 0.230088233947754 0.235986515879631 0.249125823378563 0.263391524553299 0.275505006313324 0.283803075551987 0.286726474761963 0.289375692605972 0.289036154747009 0.265807956457138 0.25676503777504 0.273405581712723 0.289489835500717 0.297183185815811 0.314365983009338 0.328582465648651 0.345140904188156 0.353700786828995 0.362509727478027 0.367681473493576 0.379150927066803 0.384380728006363 0.404998034238815 0.426231205463409 0.446317970752716 0.465263783931732 0.488864868879318 0.523780405521393 0.537965357303619 0.532248377799988 0.597465336322784 0.593520164489746 0.589963972568512 0.639010012149811 0.668982207775116 0.66508960723877
-9999 -9999 -9999 -9999 -9999 -9999 -9999 -9999 -9999 -9999 -9999 -9999 -9999 -9999 -9999 0.203124091029167 0.201428264379501 0.203842297196388 0.222725510597229 0.245764061808586 0.260630637407303 0.274205893278122 0.281719714403152 0.290082633495331 0.297535926103592 0.302699387073517 0.305026054382324 0.296463429927826 0.27367889881134 0.262791067361832 0.28043007850647 0.292391389608383 0.309183686971664 0.323976755142212 0.335728824138641 0.347059607505798 0.369880437850952 0.38900500535965 0.398375868797302 0.402753263711929 0.407303780317307 0.430375546216965 0.458177506923676 0.493419855833054 0.515739738941193 0.518142759799957 0.520861208438873 0.52478164434433 0.530916631221771 0.583046138286591 0.58650016784668 0.59649795293808 0.615849196910858 0.650680065155029 0.674373686313629
-9999 -9999 -9999 -9999 -9999 -9999 -9999 -9999 -9999 -9999 -9999 -9999 -9999 -9999 -9999 0.206998318433762 0.207631662487984 0.213519692420959 0.22787980735302 0.245262131094933 0.266566693782806 0.282468736171722 0.29206857085228 0.300110876560211 0.316590011119843 0.324856549501419 0.326756477355957 0.322873681783676 0.312423557043076 0.313976168632507 0.320782214403152 0.329729229211807 0.340241700410843 0.347116947174072 0.355788230895996 0.370522826910019 0.387476801872253 0.400643765926361 0.410397708415985 0.416919529438019 0.424259841442108 0.445994108915329 0.478873491287231 0.519434928894043 0.542475581169128 0.537330150604248 0.532237768173218 0.529099106788635 0.529743850231171 0.57261323928833 0.600252866744995 0.630374848842621 0.625762104988098 0.624240875244141 0.629090070724487
-9999 -9999 -9999 -9999 -9999 -9999 -9999 -9999 -9999 -9999 -9999 -9999 -9999 -9999 0.221051916480064 0.215256825089455 0.213514447212219 0.221214070916176 0.238485366106033 0.255872309207916 0.276053130626678 0.293742448091507 0.300245523452759 0.324487209320068 0.338446974754333 0.343828588724136 0.35057532787323 0.350451081991196 0.35196727514267 0.356299310922623 0.364456236362457 0.370329678058624 0.376368790864944 0.37844380736351 0.387672454118729 0.397027492523193 0.40905174612999 0.417846083641052 0.425742775201797 0.437338173389435 0.43909814953804 0.463764250278473 0.500256836414337 0.530155956745148 0.542389452457428 0.529008984565735 0.531166136264801 0.535539388656616 0.526044487953186 0.591185867786407 0.605979084968567 0.620401263237 0.618736505508423 0.633660733699799 0.685129404067993
-9999 -9999 -9999 -9999 -9999 -9999 -9999 -9999 -9999 -9999 -9999 -9999 -9999 -9999 0.231414258480072 0.22905221581459 0.229688048362732 0.239524036645889 0.25122281908989 0.272822707891464 0.291003108024597 0.29948017001152 0.31742399930954 0.338439911603928 0.347754001617432 0.356946796178818 0.363769561052322 0.371880501508713 0.376639902591705 0.380231320858002 0.386751800775528 0.394406616687775 0.402880400419235 0.413423955440521 0.426987379789352 0.433375954627991 0.442291736602783 0.444041609764099 0.450771480798721 0.456862270832062 0.471438646316528 0.490196973085403 0.511889517307281 0.537664175033569 0.541572451591492 0.541041433811188 0.544966518878937 0.532560884952545 0.557604551315308 0.590701937675476 0.634310722351074 0.634854972362518 0.669638335704803 0.695103406906128 0.715531766414642
-9999 -9999 -9999 -9999 -9999 -9999 -9999 -9999 -9999 -9999 -9999 -9999 -9999 0.248656928539276 0.251082688570023 0.243992686271667 0.241789624094963 0.241984963417053 0.256207972764969 0.273975908756256 0.283329159021378 0.301432222127914 0.325542479753494 0.346991539001465 0.363892942667007 0.37630370259285 0.388888359069824 0.388602942228317 0.398288458585739 0.402215629816055 0.409661740064621 0.420670062303543 0.433225870132446 0.44562491774559 0.457172393798828 0.471496015787125 0.473380833864212 0.466410905122757 0.469799071550369 0.479303658008575 0.484486132860184 0.497899949550629 0.515361964702606 0.537449359893799 0.547788679599762 0.554019570350647 0.552721977233887 0.565964221954346 0.577150166034698 0.600271999835968 0.643811166286469 0.687613785266876 0.723201215267181 0.757426798343658 0.812711477279663
-9999 -9999 -9999 -9999 -9999 -9999 -9999 -9999 -9999 -9999 -9999 -9999 -9999 -9999 -9999 -9999 0.244497835636139 0.250909000635147 0.257253855466843 0.263815760612488 0.274650812149048 0.293647319078445 0.324197977781296 0.354733854532242 0.378984481096268 0.398224771022797 0.407701939344406 0.408593356609344 0.411756634712219 0.424123018980026 0.429210335016251 0.438145995140076 0.449203610420227 0.455658078193665 0.46557143330574 0.476755708456039 0.473267823457718 0.480275541543961 0.488949477672577 0.501495122909546 0.515957653522491 0.526004910469055 0.52883905172348 0.545154213905334 0.554392874240875 0.560596227645874 0.565533459186554 0.570554554462433 0.581426918506622 0.611497521400452 0.646060168743134 0.69077605009079 0.740646004676819 0.79728502035141 0.791825950145721
-9999 -9999 -9999 -9999 -9999 -9999 -9999 -9999 -9999 -9999 -9999 -9999 -9999 -9999 -9999 -9999 0.260360985994339 0.265962570905685 0.271954238414764 0.275746643543243 0.281883507966995 0.304564237594604 0.32980951666832 0.362124115228653 0.395365476608276 0.427284270524979 0.436457455158234 0.439933687448502 0.439866125583649 0.443441778421402 0.447598546743393 0.450833380222321 0.461098581552505 0.467640906572342 0.474374860525131 0.476743280887604 0.481944650411606 0.489003717899323 0.50056928396225 0.50957578420639 0.524984180927277 0.541469752788544 0.557304739952087 0.56538325548172 0.572632730007172 0.58419132232666 0.5920250415802 0.595743000507355 0.601413309574127 0.629445910453796 0.666905343532562 0.695652663707733 0.753410398960114 0.779450833797455 0.724096179008484
-9999 -9999 -9999 -9999 -9999 -9999 -9999 -9999 -9999 -9999 -9999 -9999 -9999 -9999 -9999 -9999 0.274539142847061 0.26893362402916 0.269503653049469 0.278281569480896 0.300295442342758 0.326825320720673 0.346625685691833 0.374176651239395 0.407959163188934 0.420482039451599 0.448884278535843 0.45354488492012 0.45250803232193 0.460325807332993 0.468395322561264 0.473352253437042 0.479891985654831 0.493217557668686 0.498180717229843 0.493556827306747 0.499746352434158 0.51509290933609 0.528597593307495 0.549517393112183 0.565744042396545 0.579897940158844 0.58808159828186 0.603005647659302 0.606313467025757 0.609839916229248 0.607884883880615 0.614966809749603 0.634523391723633 0.658825874328613 0.697794020175934 0.71373724937439 0.774650871753693 0.747920870780945 0.708068907260895
-9999 -9999 -9999 -9999 -9999 -9999 -9999 -9999 -9999 -9999 -9999 -9999 -9999 -9999 -9999 0.287493199110031 0.281118035316467 0.280478298664093 0.279281258583069 0.291502803564072 0.319491326808929 0.355338782072067 0.385907143354416 0.400585293769836 0.408598154783249 0.425102382898331 0.449843257665634 0.458425968885422 0.461815297603607 0.474985748529434 0.488163441419601 0.499045729637146 0.508443236351013 0.511474847793579 0.512389540672302 0.514041781425476 0.525697350502014 0.542465209960938 0.560000717639923 0.579587996006012 0.589081346988678 0.599520564079285 0.607699155807495 0.628163576126099 0.644072890281677 0.649716138839722 0.630441427230835 0.646614968776703 0.67779266834259 0.690862417221069 0.715640962123871 0.722300827503204 0.721246302127838 0.695797979831696 0.725175797939301
-9999 -9999 -9999 -9999 -9999 -9999 -9999 -9999 -9999 -9999 -9999 -9999 -9999 -9999 -9999 0.28758841753006 0.293064683675766 0.291940182447433 0.304671615362167 0.335156410932541 0.36624401807785 0.394199550151825 0.410712450742722 0.41843119263649 0.432334333658218 0.441792607307434 0.454797714948654 0.470455497503281 0.481746971607208 0.494324117898941 0.506819784641266 0.524122953414917 0.532035648822784 0.535493850708008 0.53161758184433 0.541646182537079 0.551951050758362 0.566727995872498 0.585438132286072 0.603376805782318 0.605928182601929 0.622069239616394 0.632121026515961 0.650655150413513 0.671283304691315 0.658487200737 0.638245940208435 0.645044982433319 0.714338421821594 0.723239719867706 0.728802144527435 0.695100367069244 0.696671605110168 0.74589067697525 0.747705221176147
-9999 -9999 -9999 -9999 -9999 -9999 -9999 -9999 -9999 -9999 -9999 -9999 -9999 -9999 -9999 0.310243785381317 0.31402713060379 0.315502971410751 0.336319446563721 0.366026490926743 0.395636200904846 0.410264641046524 0.422116667032242 0.438371628522873 0.454309076070786 0.46744978427887 0.482664465904236 0.490437269210815 0.505731463432312 0.521079778671265 0.529774010181427 0.539721012115479 0.547842085361481 0.552219986915588 0.563289821147919 0.575296223163605 0.579732418060303 0.588357448577881 0.607270538806915 0.625109195709229 0.646046757698059 0.651559591293335 0.657823383808136 0.673656940460205 0.671804249286652 0.648882627487183 0.636183381080627 0.649288654327393 0.719135165214539 0.712835609912872 0.678759038448334 0.669045090675354 0.683878183364868 0.774495661258698 0.872095108032227
-9999 -9999 -9999 -9999 -9999 -9999 -9999 -9999 -9999 -9999 -9999 -9999 -9999 0.297030687332153 0.304734826087952 0.314888179302216 0.32279896736145 0.329246580600739 0.338442295789719 0.359254360198975 0.390121251344681 0.408147484064102 0.428685277700424 0.451207965612411 0.470608174800873 0.490467458963394 0.506761848926544 0.523796558380127 0.536619961261749 0.558164119720459 0.560835659503937 0.561959385871887 0.569545030593872 0.582275152206421 0.586092412471771 0.593348324298859 0.599157691001892 0.605655431747437 0.61867618560791 0.634759128093719 0.649627208709717 0.661008179187775 0.671024858951569 0.682133674621582 0.677857279777527 0.659400641918182 0.663087904453278 0.676098942756653 0.710739493370056 0.727811217308044 0.681678950786591 0.719264805316925 0.744017064571381 0.79631781578064 0.851361334323883
-9999 -9999 -9999 -9999 -9999 -9999 -9999 -9999 -9999 -9999 -9999 0.361463695764542 0.299450039863586 0.305586397647858 0.297683537006378 0.303614884614944 0.322405427694321 0.33908799290657 0.353580862283707 0.371952563524246 0.389342904090881 0.414536774158478 0.443155556917191 0.472683936357498 0.491793125867844 0.505427479743958 0.525592267513275 0.53364759683609 0.55706250667572 0.570311546325684 0.569605112075806 0.579989075660706 0.593141913414001 0.605422735214233 0.608180046081543 0.605961561203003 0.606942594051361 0.633353769779205 0.641599297523499 0.645436704158783 0.650555431842804 0.66480153799057 0.678473353385925 0.690039038658142 0.694042980670929 0.709375023841858 0.712720930576324 0.698309481143951 0.718625366687775 0.747965395450592 0.734145104885101 0.705659925937653 0.750475645065308 0.780659675598145 0.870967090129852
-9999 -9999 -9999 -9999 -9999 -9999 -9999 -9999 -9999 -9999 0.354864925146103 0.327699720859528 0.332077234983444 0.300275295972824 0.299625754356384 0.308868676424026 0.33359956741333 0.360423415899277 0.384384274482727 0.404559731483459 0.420030444860458 0.45044082403183 0.475631892681122 0.495778113603592 0.513248682022095 0.529863595962524 0.547367930412292 0.555885791778564 0.559688031673431 0.570197641849518 0.587600409984589 0.60073709487915 0.605196416378021 0.616663336753845 0.619447827339172 0.623538136482239 0.633856773376465 0.641812264919281 0.661652982234955 0.670904636383057 0.676923990249634 0.685188114643097 0.701773345470428 0.711618006229401 0.716220855712891 0.728421628475189 0.738145649433136 0.75031977891922 0.730427801609039 0.721944153308868 0.728072166442871 0.736534357070923 0.79677426815033 0.814289271831512 0.890228450298309
