supmat2_scripts_points_rasters/rasters/acro1p5lqh.asc
NCOLS 360 
NROWS 480 
XLLCORNER 119.5 
YLLCORNER 21.5 
CELLSIZE 0.00833333333333333 
NODATA_value -9999 
[rows 168 to 191 of 480, columns 220 to 274 of 360]
0.0636707693338394 0.0790193006396294 0.0799937471747398 0.0685810819268227 0.0650816336274147 0.0688852444291115 0.0892317518591881 0.0943407788872719 0.0913074910640717 0.068946398794651 0.0841836929321289 0.0739498138427734 0.114597424864769 0.155214160680771 0.120771631598473 0.0843386724591255 0.0915259197354317 0.129667192697525 0.203137099742889 0.349421203136444 0.413400024175644 0.469407141208649 0.522515773773193 0.508503437042236 0.397086918354034 0.327539891004562 0.399654716253281 0.545185565948486 0.592441737651825 0.606308877468109 0.57222056388855 0.630836606025696 0.62271523475647 0.558745801448822 0.551198780536652 -9999 -9999 -9999 -9999 -9999 -9999 -9999 -9999 -9999 -9999 -9999 -9999 -9999 -9999 -9999 -9999 -9999 -9999 -9999 -9999
0.0578899867832661 0.0826849117875099 0.108613200485706 0.0862382650375366 0.0771215334534645 0.075741782784462 0.102053448557854 0.129520684480667 0.102221861481667 0.0725288465619087 0.0692278519272804 0.101352408528328 0.145991995930672 0.176716580986977 0.161389216780663 0.13311193883419 0.149424329400063 0.148072645068169 0.206079229712486 0.328131675720215 0.426312059164047 0.475320160388947 0.533248066902161 0.496106505393982 0.484965533018112 0.495693802833557 0.487518012523651 0.549018979072571 0.59073269367218 0.569287300109863 0.619225442409515 0.620060920715332 0.625062227249146 0.545965552330017 -9999 -9999 -9999 -9999 -9999 -9999 -9999 -9999 -9999 -9999 -9999 -9999 -9999 -9999 -9999 -9999 -9999 -9999 -9999 -9999 -9999
0.0688355043530464 0.0859482139348984 0.101554669439793 0.121040061116219 0.101587578654289 0.0947674065828323 0.113924510776997 0.148150756955147 0.0948625952005386 0.0613637305796146 0.0573064982891083 0.0841426178812981 0.135359987616539 0.18650358915329 0.246277675032616 0.199350357055664 0.204923808574677 0.16853541135788 0.256583333015442 0.321817874908447 0.359984874725342 0.39772692322731 0.440118491649628 0.478916674852371 0.510468602180481 0.540074288845062 0.549620151519775 0.566200256347656 0.575256407260895 0.590427458286285 0.600578844547272 0.627589404582977 0.562274158000946 0.539907932281494 -9999 -9999 -9999 -9999 -9999 -9999 -9999 -9999 -9999 -9999 -9999 -9999 -9999 -9999 -9999 -9999 -9999 -9999 -9999 -9999 -9999
0.12605993449688 0.155083477497101 0.125763222575188 0.127480000257492 0.138978183269501 0.125908941030502 0.164441809058189 0.153619721531868 0.0977005884051323 0.0706750676035881 0.0766063258051872 0.077921062707901 0.104241266846657 0.166347160935402 0.249630019068718 0.286882668733597 0.210168808698654 0.161522015929222 0.174224495887756 0.204122930765152 0.266559034585953 0.317725449800491 0.419272929430008 0.481976181268692 0.487936943769455 0.515909850597382 0.526623129844666 0.531353831291199 0.511452674865723 0.576070606708527 0.590178489685059 0.632870078086853 0.541466295719147 0.528291046619415 -9999 -9999 -9999 -9999 -9999 -9999 -9999 -9999 -9999 -9999 -9999 -9999 -9999 -9999 -9999 -9999 -9999 -9999 -9999 -9999 -9999
0.147136881947517 0.244039714336395 0.228322356939316 0.137106150388718 0.150827929377556 0.178828328847885 0.169026359915733 0.104302763938904 0.0853437706828117 0.0973078310489655 0.112296439707279 0.104308910667896 0.136000722646713 0.179427996277809 0.244872570037842 0.305093824863434 0.250821888446808 0.177481353282928 0.221774622797966 0.310665309429169 0.323496133089066 0.389191091060638 0.443214118480682 0.42259618639946 0.41083025932312 0.470915168523788 0.511942684650421 0.53723680973053 0.513959288597107 0.533145785331726 0.627271056175232 0.580449640750885 0.527747929096222 0.525188624858856 -9999 -9999 -9999 -9999 -9999 -9999 -9999 -9999 -9999 -9999 -9999 -9999 -9999 -9999 -9999 -9999 -9999 -9999 -9999 -9999 -9999
0.168744117021561 0.270698666572571 0.287931352853775 0.160452052950859 0.133421510457993 0.195847153663635 0.183940142393112 0.124539338052273 0.10898432135582 0.121910020709038 0.132728487253189 0.151862859725952 0.163384675979614 0.212089881300926 0.307907104492188 0.301222622394562 0.180178686976433 0.151612386107445 0.196577593684196 0.305554211139679 0.372546643018723 0.402409344911575 0.392461031675339 0.348834574222565 0.380630522966385 0.465567469596863 0.523628056049347 0.518231630325317 0.549611866474152 0.621604919433594 0.585620701313019 0.547203779220581 0.530791401863098 0.522475123405457 -9999 -9999 -9999 -9999 -9999 -9999 -9999 -9999 -9999 -9999 -9999 -9999 -9999 -9999 -9999 -9999 -9999 -9999 -9999 -9999 -9999
0.187975585460663 0.283379763364792 0.232343301177025 0.198742642998695 0.162982195615768 0.204970583319664 0.257577240467072 0.201737105846405 0.19624936580658 0.159880861639977 0.142054051160812 0.185037076473236 0.273951053619385 0.320043057203293 0.30629825592041 0.293362587690353 0.2006965726614 0.175509050488472 0.207718268036842 0.35190424323082 0.361359506845474 0.380940675735474 0.344194650650024 0.307855665683746 0.411862313747406 0.42682957649231 0.456848591566086 0.480382770299911 0.555368363857269 0.627132534980774 0.580124616622925 0.545054912567139 0.534101784229279 0.515638291835785 0.514849305152893 -9999 -9999 -9999 -9999 -9999 -9999 -9999 -9999 -9999 -9999 -9999 -9999 -9999 -9999 -9999 -9999 -9999 -9999 -9999 -9999
0.273474872112274 0.230172052979469 0.232124119997025 0.252908229827881 0.193936377763748 0.262017011642456 0.26542204618454 0.303381651639938 0.312069624662399 0.245746195316315 0.305504381656647 0.287508070468903 0.313028901815414 0.300955832004547 0.298423945903778 0.221637323498726 0.207457274198532 0.26728355884552 0.194643512368202 0.267543166875839 0.341253519058228 0.333670109510422 0.323442578315735 0.427378714084625 0.559366583824158 0.569105088710785 0.543201684951782 0.525575995445251 0.594623923301697 0.649742245674133 0.568786799907684 0.550865530967712 0.524812459945679 0.517124116420746 0.497497200965881 -9999 -9999 -9999 -9999 -9999 -9999 -9999 -9999 -9999 -9999 -9999 -9999 -9999 -9999 -9999 -9999 -9999 -9999 -9999 -9999
0.24566787481308 0.238944560289383 0.261224210262299 0.317979782819748 0.287468701601028 0.24847686290741 0.254542946815491 0.321678072214127 0.262487441301346 0.315685719251633 0.294165372848511 0.286050826311111 0.376507639884949 0.297537833452225 0.316710114479065 0.21912457048893 0.303608953952789 0.317157179117203 0.218025699257851 0.17993138730526 0.290314644575119 0.360910534858704 0.454293578863144 0.475064277648926 0.606842160224915 0.598650097846985 0.553139448165894 0.56335836648941 0.616128921508789 0.640125632286072 0.542421698570251 0.531318545341492 0.53016072511673 0.523246884346008 0.507411479949951 0.492000758647919 -9999 -9999 -9999 -9999 -9999 -9999 -9999 -9999 -9999 -9999 -9999 -9999 -9999 -9999 -9999 -9999 -9999 -9999 -9999
0.234264358878136 0.301804155111313 0.304427027702332 0.261455446481705 0.242147728800774 0.316693097352982 0.316938817501068 0.269897520542145 0.276344418525696 0.280929386615753 0.426173597574234 0.423345148563385 0.443995416164398 0.317007213830948 0.317328631877899 0.29036158323288 0.334539473056793 0.328423500061035 0.297088027000427 0.209006115794182 0.361004412174225 0.487591177225113 0.589620053768158 0.599746346473694 0.59562611579895 0.606762766838074 0.602930963039398 0.563775420188904 0.638674318790436 0.572416722774506 0.535644888877869 0.531794607639313 0.53467333316803 0.524352848529816 0.502144813537598 0.498919129371643 0.483081936836243 -9999 -9999 -9999 -9999 -9999 -9999 -9999 -9999 -9999 -9999 -9999 -9999 -9999 -9999 -9999 -9999 -9999 -9999
0.234814181923866 0.300356358289719 0.312663495540619 0.280145674943924 0.34703341126442 0.401653617620468 0.392983883619308 0.301310867071152 0.315658301115036 0.335109949111938 0.488704770803452 0.503344893455505 0.406557112932205 0.298905849456787 0.320874780416489 0.319662183523178 0.317590981721878 0.331828147172928 0.296965956687927 0.297263145446777 0.395807981491089 0.447717756032944 0.564805805683136 0.558549165725708 0.563054084777832 0.561612904071808 0.609974920749664 0.600188493728638 0.589504778385162 0.542223572731018 0.535746693611145 0.523176372051239 0.522584140300751 0.521521985530853 0.505383372306824 0.525220274925232 0.516402959823608 0.508004665374756 -9999 -9999 -9999 -9999 -9999 -9999 -9999 -9999 -9999 -9999 -9999 -9999 -9999 -9999 -9999 -9999 -9999
0.244438678026199 0.249539121985435 0.236040636897087 0.239247590303421 0.263533055782318 0.37190917134285 0.401432067155838 0.45618525147438 0.443045943975449 0.457740217447281 0.502723932266235 0.512314081192017 0.481362581253052 0.394235640764236 0.291817426681519 0.351741433143616 0.370144695043564 0.395249307155609 0.350211977958679 0.316943109035492 0.358867466449738 0.419409841299057 0.588509440422058 0.578076124191284 0.584564745426178 0.52361649274826 0.518396198749542 0.523258805274963 0.538905799388885 0.534247815608978 0.528860688209534 0.5169677734375 0.5187166929245 0.535918414592743 0.535938322544098 0.54502671957016 -9999 -9999 -9999 -9999 -9999 -9999 -9999 -9999 -9999 -9999 -9999 -9999 -9999 -9999 -9999 -9999 -9999 -9999 -9999
0.259825944900513 0.232191920280457 0.328516900539398 0.340711683034897 0.258440941572189 0.307270616292953 0.296372383832932 0.380094438791275 0.343086391687393 0.358104825019836 0.468769311904907 0.497393041849136 0.511757850646973 0.48284250497818 0.488214075565338 0.407869100570679 0.465790450572968 0.409005105495453 0.363570302724838 0.331442177295685 0.386907875537872 0.428506016731262 0.532233357429504 0.574229538440704 0.600024104118347 0.591549634933472 0.556349635124207 0.550529837608337 0.554084420204163 0.542403161525726 0.527084767818451 0.51339590549469 0.520435690879822 0.540475308895111 0.552248477935791 0.546916484832764 -9999 -9999 -9999 -9999 -9999 -9999 -9999 -9999 -9999 -9999 -9999 -9999 -9999 -9999 -9999 -9999 -9999 -9999 -9999
0.30675396323204 0.31272080540657 0.300204366445541 0.331018954515457 0.268045634031296 0.273409634828568 0.264661639928818 0.305597245693207 0.324711501598358 0.289724886417389 0.309756994247437 0.371917605400085 0.455377489328384 0.515663146972656 0.527575135231018 0.533704400062561 0.525795817375183 0.514845848083496 0.431481599807739 0.402629405260086 0.533506751060486 0.441093266010284 0.456543803215027 0.59740549325943 0.612991154193878 0.584468841552734 0.540936946868896 0.544729173183441 0.545181572437286 0.536024332046509 0.524090647697449 0.511583268642426 0.511849641799927 0.541997373104095 0.546173274517059 0.531872749328613 -9999 -9999 -9999 -9999 -9999 -9999 -9999 -9999 -9999 -9999 -9999 -9999 -9999 -9999 -9999 -9999 -9999 -9999 -9999
0.209363207221031 0.187560722231865 0.186484932899475 0.318411827087402 0.251506865024567 0.254766643047333 0.286077737808228 0.269824087619781 0.279565751552582 0.294416487216949 0.278148472309113 0.327008843421936 0.512062907218933 0.543932914733887 0.50661689043045 0.544968068599701 0.466065585613251 0.490986973047256 0.529726624488831 0.558979392051697 0.547507405281067 0.503849029541016 0.46764549612999 0.59016478061676 0.61318027973175 0.608618259429932 0.530621528625488 0.53148365020752 0.535468816757202 0.529782831668854 0.52438759803772 0.499399930238724 0.524767935276031 0.537680089473724 0.528704166412354 -9999 -9999 -9999 -9999 -9999 -9999 -9999 -9999 -9999 -9999 -9999 -9999 -9999 -9999 -9999 -9999 -9999 -9999 -9999 -9999
0.133180320262909 0.135573998093605 0.164073064923286 0.281830877065659 0.321090042591095 0.306130260229111 0.305325716733932 0.343408823013306 0.3610720038414 0.275932967662811 0.294881016016006 0.319296360015869 0.503892183303833 0.527620255947113 0.563628017902374 0.563080847263336 0.492742329835892 0.490244209766388 0.52312958240509 0.513543963432312 0.553158164024353 0.586606204509735 0.607001125812531 0.594738900661469 0.610390365123749 0.597094595432281 0.523675799369812 0.525294542312622 0.532338798046112 0.535150110721588 0.516330599784851 0.525623440742493 0.535041034221649 0.542106091976166 -9999 0.463299006223679 -9999 -9999 -9999 -9999 -9999 -9999 -9999 -9999 -9999 -9999 -9999 -9999 -9999 -9999 -9999 -9999 -9999 -9999 -9999
0.143185973167419 0.171288356184959 0.209166407585144 0.25780114531517 0.265647977590561 0.280189484357834 0.346554756164551 0.284814596176147 0.272431463003159 0.298749953508377 0.363176077604294 0.36282804608345 0.483594357967377 0.492269426584244 0.564042985439301 0.581156194210052 0.583551824092865 0.584155082702637 0.521290719509125 0.483076393604279 0.511390447616577 0.54389613866806 0.555876791477203 0.579881072044373 0.598820924758911 0.549405932426453 0.508052885532379 0.518401861190796 0.524809420108795 0.529005527496338 0.532923102378845 0.536925137042999 0.532089293003082 -9999 -9999 -9999 -9999 -9999 -9999 -9999 -9999 -9999 -9999 -9999 -9999 -9999 -9999 -9999 -9999 -9999 -9999 -9999 -9999 -9999 -9999
0.120832823216915 0.120020098984241 0.182385727763176 0.20732918381691 0.274838984012604 0.332445085048676 0.257788807153702 0.243998572230339 0.271982908248901 0.311774075031281 0.26595664024353 0.29260179400444 0.379715174436569 0.406435400247574 0.394534558057785 0.563279807567596 0.566060125827789 0.497759878635406 0.578438401222229 0.532930135726929 0.501353800296783 0.517341256141663 0.551072299480438 0.52724826335907 0.511949062347412 0.507046163082123 0.506588160991669 0.504766404628754 0.509658336639404 0.499146372079849 0.499083608388901 0.488453686237335 0.484395653009415 -9999 -9999 -9999 -9999 -9999 -9999 -9999 -9999 -9999 -9999 -9999 -9999 -9999 -9999 -9999 -9999 -9999 -9999 -9999 -9999 -9999 -9999
0.104040794074535 0.0999430865049362 0.149771511554718 0.168950408697128 0.155927985906601 0.197193518280983 0.2034812271595 0.27440357208252 0.258724719285965 0.273308724164963 0.264812082052231 0.301672279834747 0.283535450696945 0.352680116891861 0.328239381313324 0.520879864692688 0.542419254779816 0.378981649875641 0.560639381408691 0.561669588088989 0.522007822990417 0.506287693977356 0.500736773014069 0.513623893260956 0.520061731338501 0.514495611190796 0.501289904117584 0.496594280004501 0.498211205005646 0.495649844408035 0.497396051883698 0.478877037763596 0.46453994512558 -9999 -9999 -9999 -9999 -9999 -9999 -9999 -9999 -9999 -9999 -9999 -9999 -9999 -9999 -9999 -9999 -9999 -9999 -9999 -9999 -9999 -9999
0.126552507281303 0.143757492303848 0.136152878403664 0.157053560018539 0.138164937496185 0.157824769616127 0.156885951757431 0.270993918180466 0.247093215584755 0.250282227993011 0.320889979600906 0.26569077372551 0.349994599819183 0.307457119226456 0.305463403463364 0.376842141151428 0.406157493591309 0.350340366363525 0.551242828369141 0.580678820610046 0.521547734737396 0.525388896465302 0.527544319629669 0.51155036687851 0.5150346159935 0.505906403064728 0.495194792747498 0.491401851177216 0.48701611161232 0.484493851661682 0.481663852930069 0.475160986185074 0.466575354337692 -9999 -9999 -9999 -9999 -9999 -9999 -9999 -9999 -9999 -9999 -9999 -9999 -9999 -9999 -9999 -9999 -9999 -9999 -9999 -9999 -9999 -9999
0.189963221549988 0.191544264554977 0.162567272782326 0.156054794788361 0.134243473410606 0.11522276699543 0.126405879855156 0.20309753715992 0.311735451221466 0.323862761259079 0.316078543663025 0.28843080997467 0.331061720848083 0.198142245411873 0.332293152809143 0.317133158445358 0.374891728162766 0.384338140487671 0.615476369857788 0.571576476097107 0.540690958499908 0.525292336940765 0.588781595230103 0.55527126789093 0.503972113132477 0.501837611198425 0.493367522954941 0.490934252738953 0.484368324279785 0.466524362564087 0.46660640835762 0.476327180862427 0.458770126104355 -9999 -9999 -9999 -9999 -9999 -9999 -9999 -9999 -9999 -9999 -9999 -9999 -9999 -9999 -9999 -9999 -9999 -9999 -9999 -9999 -9999 -9999
0.262347042560577 0.234441146254539 0.249277010560036 0.273892372846603 0.169598817825317 0.113602608442307 0.119111426174641 0.172363758087158 0.246787086129189 0.189201474189758 0.250869989395142 0.311347842216492 0.220123574137688 0.173718646168709 0.31740403175354 0.371512174606323 0.376367032527924 0.473343759775162 0.577871978282928 0.566365838050842 0.527807295322418 0.574293732643127 0.596935570240021 0.54316645860672 0.493805229663849 0.481504648923874 0.468150943517685 0.463409543037415 0.453340172767639 0.450852483510971 0.458220571279526 0.456335633993149 0.46049553155899 -9999 -9999 -9999 -9999 -9999 -9999 -9999 -9999 -9999 -9999 -9999 -9999 -9999 -9999 -9999 -9999 -9999 -9999 -9999 -9999 -9999 -9999
0.222885355353355 0.22587713599205 0.198210403323174 0.254310518503189 0.234641224145889 0.175632789731026 0.244988352060318 0.173017039895058 0.261536359786987 0.309650838375092 0.265211701393127 0.211223393678665 0.196783825755119 0.157780796289444 0.303853034973145 0.366443693637848 0.377859055995941 0.578205347061157 0.64683610200882 0.573431193828583 0.544305622577667 0.584776401519775 0.583675444126129 0.493222028017044 0.488089084625244 0.480541795492172 0.474561452865601 0.465060919523239 0.4543496966362 0.475228607654572 0.473132103681564 0.473509967327118 0.445766568183899 -9999 -9999 -9999 -9999 -9999 -9999 -9999 -9999 -9999 -9999 -9999 -9999 -9999 -9999 -9999 -9999 -9999 -9999 -9999 -9999 -9999 -9999
0.181168615818024 0.183624714612961 0.234582960605621 0.235133677721024 0.28508448600769 0.246713235974312 0.315982282161713 0.277787774801254 0.320933520793915 0.2674600481987 0.267938137054443 0.304166346788406 0.317976504564285 0.223907455801964 0.351563662290573 0.410553336143494 0.491197139024734 0.644640564918518 0.604100465774536 0.603031396865845 0.534234642982483 0.542178273200989 0.519926786422729 0.498281389474869 0.501146018505096 0.494225949048996 0.484905034303665 0.476842522621155 0.478550136089325 0.475304424762726 0.462665885686874 0.495123028755188 0.438139110803604 -9999 -9999 -9999 -9999 -9999 -9999 -9999 -9999 -9999 -9999 -9999 -9999 -9999 -9999 -9999 -9999 -9999 -9999 -9999 -9999 -9999 -9999
