supmat2_scripts_points_rasters/rasters/acro1p5lqh.asc
NCOLS 360 
NROWS 480 
XLLCORNER 119.5 
YLLCORNER 21.5 
CELLSIZE 0.00833333333333333 
NODATA_value -9999 
[rows 192 to 215 of 480, columns 110 to 164 of 360]
0.10640824586153 0.109336286783218 0.111979335546494 0.116130776703358 0.121113419532776 0.128664821386337 0.137235566973686 0.143323004245758 0.148963585495949 0.157465621829033 0.168564170598984 0.181519359350204 0.194692030549049 0.205938130617142 0.21435372531414 0.219175085425377 0.226268753409386 0.232941672205925 0.246343731880188 0.267829388380051 0.28710675239563 0.286688953638077 0.286749571561813 0.352778166532516 0.473834931850433 0.582330465316772 0.685956597328186 0.65447610616684 0.611470639705658 0.568548381328583 0.539496779441833 0.51030308008194 0.497619777917862 0.490723103284836 0.483409076929092 0.497194141149521 0.51608008146286 0.514899015426636 0.533441781997681 0.544975161552429 0.560205459594727 0.578835904598236 0.602686524391174 0.610860764980316 0.658078074455261 0.72741174697876 0.672217071056366 0.76267272233963 0.712444961071014 0.673158168792725 0.68070250749588 0.610611021518707 0.557226181030273 0.666217565536499 0.696888983249664
0.102540642023087 0.105859987437725 0.109277211129665 0.113297998905182 0.119598753750324 0.128292009234428 0.135984018445015 0.142684131860733 0.14819423854351 0.157075524330139 0.167582020163536 0.179273426532745 0.192158937454224 0.206897154450417 0.21336542069912 0.217732816934586 0.222625479102135 0.228359937667847 0.238004997372627 0.254477828741074 0.269071161746979 0.273451566696167 0.295013308525085 0.373558133840561 0.498907625675201 0.616638243198395 0.66559249162674 0.664085030555725 0.632631540298462 0.605237603187561 0.565955638885498 0.53769314289093 0.50636088848114 0.492473930120468 0.491383135318756 0.502310276031494 0.592702209949493 0.627504169940948 0.529428243637085 0.548265278339386 0.552714586257935 0.579087018966675 0.618202745914459 0.631958782672882 0.615854918956757 0.647638738155365 0.660763323307037 0.77864795923233 0.770197987556458 0.734907746315002 0.706328690052032 0.600248754024506 0.504130721092224 0.661301970481873 0.711668431758881
0.100554913282394 0.103592768311501 0.106845207512379 0.111208468675613 0.119155459105968 0.126414552330971 0.131786495447159 0.138366237282753 0.145280987024307 0.156630620360374 0.16692653298378 0.181633919477463 0.195908576250076 0.204910576343536 0.206905573606491 0.21271687746048 0.218396425247192 0.224958851933479 0.235947355628014 0.25132828950882 0.265278816223145 0.274983674287796 0.29872465133667 0.398423582315445 0.491006702184677 0.605774641036987 0.614463567733765 0.610010027885437 0.607878983020782 0.600338459014893 0.584922850131989 0.565118968486786 0.535020709037781 0.51003623008728 0.498420119285583 0.516496121883392 0.601285815238953 0.688909649848938 0.59379518032074 0.604852974414825 0.59918737411499 0.585593521595001 0.598007678985596 0.611984133720398 0.615654826164246 0.630542695522308 0.673553884029388 0.701954483985901 0.745793282985687 0.761734843254089 0.690611302852631 0.543908715248108 0.547401547431946 0.674413502216339 0.716577351093292
0.0995012521743774 0.103748202323914 0.106307826936245 0.111845642328262 0.118461094796658 0.123854070901871 0.130539461970329 0.136840119957924 0.147695302963257 0.154210612177849 0.164595365524292 0.182389035820961 0.196785509586334 0.207126379013062 0.214657500386238 0.219710603356361 0.222848445177078 0.230237051844597 0.242276638746262 0.259023308753967 0.274399220943451 0.283090710639954 0.304059743881226 0.423785895109177 0.543302595615387 0.619595289230347 0.622538506984711 0.622736752033234 0.619444370269775 0.618236660957336 0.604877710342407 0.589539110660553 0.559629201889038 0.535277485847473 0.531476438045502 0.598075449466705 0.622610747814178 0.656313359737396 0.629224300384521 0.672204613685608 0.633826076984406 0.61682516336441 0.627263009548187 0.616140007972717 0.641817092895508 0.6676265001297 0.737341344356537 0.770061492919922 0.7075035572052 0.691215813159943 0.687214314937592 0.577275931835175 0.555484414100647 0.67153412103653 0.730172276496887
0.0984366312623024 0.103387348353863 0.107844859361649 0.112381152808666 0.115769624710083 0.120500467717648 0.126062586903572 0.134523019194603 0.142957448959351 0.15047986805439 0.163693636655807 0.177395075559616 0.190212532877922 0.200866907835007 0.208185479044914 0.217654347419739 0.230186581611633 0.237369656562805 0.254923135042191 0.273660898208618 0.297344982624054 0.298575043678284 0.315834850072861 0.434543371200562 0.568412959575653 0.64470374584198 0.645547807216644 0.626292705535889 0.625020146369934 0.619043946266174 0.611707746982574 0.603766679763794 0.5842524766922 0.563966453075409 0.567358911037445 0.641085982322693 0.6617271900177 0.68246865272522 0.718441665172577 0.697606861591339 0.667082369327545 0.639564573764801 0.66249030828476 0.667929172515869 0.672513782978058 0.730000436306 0.792934894561768 0.759297251701355 0.704256474971771 0.621473729610443 0.615222990512848 0.555169403553009 0.611453890800476 0.703011155128479 0.741854965686798
0.100153520703316 0.105735555291176 0.109399847686291 0.110374584794044 0.115400403738022 0.120394758880138 0.127546608448029 0.136974185705185 0.148218631744385 0.159702494740486 0.166510209441185 0.172793626785278 0.18032018840313 0.19309213757515 0.203496962785721 0.214265912771225 0.230311632156372 0.24232605099678 0.261491805315018 0.28607451915741 0.314578413963318 0.322358310222626 0.341431379318237 0.446194142103195 0.553661465644836 0.671960830688477 0.659600794315338 0.65344762802124 0.643414556980133 0.634357511997223 0.632525622844696 0.62301766872406 0.612890005111694 0.593922257423401 0.600208938121796 0.63719779253006 0.685815036296844 0.713660538196564 0.732377946376801 0.711413383483887 0.69843053817749 0.719145119190216 0.700029611587524 0.729051172733307 0.740163803100586 0.754973828792572 0.794750452041626 0.770936012268066 0.682236611843109 0.536359965801239 0.440745294094086 0.525416612625122 0.678201019763947 0.740699291229248 0.752774596214294
0.100788749754429 0.104589022696018 0.1084850654006 0.113903552293777 0.120565392076969 0.12639032304287 0.13490404188633 0.145791903138161 0.155155003070831 0.161779791116714 0.166470989584923 0.174498647451401 0.179379194974899 0.189880207180977 0.200821056962013 0.213877767324448 0.23070652782917 0.252456873655319 0.273200511932373 0.293509662151337 0.311113208532333 0.325488954782486 0.34987661242485 0.496787250041962 0.664555609226227 0.719907224178314 0.728588938713074 0.702990651130676 0.669273018836975 0.661523640155792 0.655648231506348 0.643707156181335 0.638155877590179 0.622819721698761 0.636557817459106 0.720772683620453 0.726322293281555 0.727424204349518 0.727436065673828 0.701520323753357 0.702447414398193 0.742807328701019 0.736814975738525 0.736514508724213 0.770903766155243 0.744451463222504 0.78529691696167 0.806175291538239 0.749701797962189 0.701125800609589 0.652993619441986 0.593132495880127 0.72260195016861 0.781266689300537 0.764672219753265
0.106149516999722 0.10903337597847 0.113027803599834 0.116903372108936 0.123188383877277 0.129508092999458 0.137710988521576 0.145113974809647 0.153209865093231 0.161405757069588 0.169523701071739 0.173496440052986 0.182227909564972 0.191657558083534 0.201627239584923 0.215648472309113 0.230407282710075 0.24851693212986 0.269196957349777 0.289343029260635 0.304073363542557 0.326929092407227 0.358739107847214 0.505815505981445 0.635709047317505 0.721425473690033 0.750246286392212 0.72692197561264 0.696674406528473 0.68166846036911 0.670192062854767 0.656129479408264 0.656907200813293 0.646407127380371 0.636771500110626 0.669939041137695 0.673071444034576 0.672535598278046 0.688305258750916 0.69572913646698 0.701997637748718 0.747755587100983 0.737568736076355 0.755749106407166 0.735440254211426 0.724512815475464 0.752803683280945 0.813044250011444 0.807479739189148 0.777873039245605 0.733419179916382 0.681023716926575 0.74058198928833 0.784247815608978 0.782293498516083
0.114051498472691 0.114796563982964 0.117544829845428 0.122510328888893 0.125624746084213 0.130624979734421 0.139085158705711 0.146096006035805 0.158771589398384 0.168057322502136 0.17246949672699 0.178210109472275 0.187259376049042 0.197968527674675 0.209874764084816 0.222060546278954 0.237725481390953 0.255102515220642 0.273064523935318 0.298520147800446 0.3153116106987 0.340723097324371 0.362460315227509 0.484596610069275 0.578887462615967 0.648946821689606 0.743742883205414 0.756904661655426 0.734205007553101 0.700827956199646 0.677359521389008 0.667183101177216 0.633570313453674 0.624757349491119 0.633195698261261 0.644214987754822 0.6500124335289 0.65551894903183 0.664855778217316 0.669913291931152 0.679991126060486 0.734276592731476 0.740285158157349 0.720590829849243 0.727986037731171 0.742253005504608 0.7519571185112 0.780156254768372 0.825452446937561 0.812034845352173 0.807806611061096 0.793465912342072 0.790306985378265 0.761429250240326 0.759074926376343
0.121123962104321 0.123090341687202 0.124540902674198 0.125786453485489 0.126232087612152 0.131159216165543 0.138148263096809 0.147521436214447 0.155731812119484 0.165693372488022 0.172079667448997 0.180431440472603 0.191296279430389 0.202269583940506 0.216282099485397 0.231495961546898 0.246469959616661 0.265528827905655 0.287852346897125 0.31283038854599 0.331781893968582 0.360266327857971 0.393239766359329 0.429343432188034 0.503401100635529 0.570022463798523 0.703737795352936 0.774355411529541 0.760245144367218 0.727144360542297 0.685273766517639 0.619568169116974 0.612714231014252 0.627699971199036 0.641888856887817 0.650215983390808 0.662419557571411 0.671317875385284 0.680147707462311 0.681058406829834 0.679820239543915 0.710184931755066 0.70640617609024 0.717140674591064 0.736906170845032 0.736905872821808 0.728108823299408 0.733964085578918 0.736113131046295 0.725651800632477 0.741818010807037 0.772436797618866 0.765637338161469 0.799183249473572 0.765523791313171
0.12179109454155 0.124105967581272 0.12804102897644 0.128932178020477 0.130977481603622 0.135805889964104 0.143216758966446 0.149658992886543 0.157574340701103 0.165769442915916 0.174693718552589 0.186781600117683 0.195732653141022 0.206983119249344 0.221251159906387 0.235661298036575 0.255770355463028 0.278407096862793 0.304710000753403 0.329425513744354 0.351343274116516 0.378588169813156 0.407533705234528 0.448792099952698 0.489402085542679 0.526725590229034 0.57038289308548 0.652268409729004 0.745465517044067 0.69390070438385 0.605741083621979 0.605720996856689 0.623884797096252 0.640048742294312 0.651262402534485 0.664922952651978 0.677695691585541 0.684564232826233 0.68801885843277 0.692913174629211 0.747987449169159 0.792945981025696 0.713456630706787 0.712254285812378 0.718923509120941 0.716028153896332 0.721103012561798 0.73453688621521 0.726229190826416 0.726034462451935 0.730355560779572 0.739389479160309 0.745771884918213 0.791020095348358 0.76152241230011
0.12380376458168 0.126440525054932 0.132088169455528 0.136487275362015 0.144250959157944 0.149818405508995 0.153782993555069 0.158585548400879 0.164945363998413 0.173092916607857 0.180280685424805 0.191276729106903 0.2032800167799 0.214957043528557 0.228786081075668 0.247010111808777 0.263505846261978 0.27690652012825 0.297194957733154 0.331288039684296 0.360261470079422 0.390304267406464 0.434697151184082 0.475461930036545 0.51459538936615 0.534169852733612 0.54648756980896 0.566943824291229 0.592697143554688 0.58548629283905 0.593650639057159 0.615187585353851 0.636449933052063 0.653505086898804 0.659916162490845 0.668302297592163 0.699724495410919 0.703416347503662 0.707576632499695 0.729743778705597 0.802546977996826 0.802162230014801 0.768356204032898 0.741262137889862 0.702406644821167 0.757546126842499 0.783526360988617 0.794469594955444 0.795803248882294 0.751141846179962 0.758764863014221 0.747780084609985 0.750072360038757 0.768914699554443 0.773222625255585
0.131465196609497 0.135240465402603 0.142931744456291 0.15171030163765 0.159552872180939 0.166840836405754 0.168670818209648 0.169863119721413 0.173779308795929 0.178873866796494 0.183936685323715 0.198481470346451 0.208414852619171 0.218250468373299 0.228478297591209 0.260950475931168 0.274043709039688 0.28265044093132 0.321881860494614 0.364838778972626 0.394085168838501 0.425050765275955 0.452521473169327 0.496904164552689 0.53494268655777 0.570349097251892 0.599065959453583 0.599959790706635 0.587680160999298 0.585389137268066 0.582081854343414 0.617796301841736 0.636480033397675 0.651406049728394 0.648294508457184 0.661485493183136 0.758461952209473 0.755511105060577 0.749664306640625 0.767408430576324 0.796569585800171 0.789718687534332 0.807519733905792 0.734718799591064 0.71520471572876 0.776046693325043 0.792091965675354 0.766815662384033 0.785914361476898 0.783369302749634 0.779279470443726 0.807472169399261 0.745372831821442 0.773203432559967 0.791799128055573
0.133798524737358 0.140800327062607 0.147706419229507 0.15644083917141 0.165020182728767 0.168854117393494 0.172366917133331 0.176534414291382 0.181011751294136 0.185702741146088 0.194220900535583 0.205400839447975 0.217038929462433 0.228921934962273 0.245314687490463 0.27313768863678 0.289127230644226 0.311296761035919 0.337959438562393 0.364285379648209 0.395490169525146 0.439346492290497 0.484846323728561 0.512443125247955 0.55279415845871 0.587409436702728 0.611570358276367 0.607336342334747 0.601905703544617 0.574593305587769 0.590801298618317 0.610218644142151 0.621375858783722 0.638960301876068 0.645257711410522 0.681664764881134 0.735072135925293 0.764209091663361 0.810234546661377 0.804614901542664 0.789105474948883 0.810537815093994 0.775470793247223 0.716059267520905 0.786618173122406 0.775198996067047 0.765643775463104 0.729174554347992 0.731144785881042 0.714711368083954 0.70973265171051 0.77045476436615 0.747445464134216 0.734800159931183 0.742453634738922
0.137530341744423 0.142204195261002 0.147839397192001 0.155822619795799 0.161888241767883 0.166227340698242 0.174291685223579 0.182652488350868 0.186049416661263 0.194970488548279 0.206268444657326 0.217356413602829 0.234769731760025 0.247856184840202 0.262178808450699 0.27632948756218 0.294384092092514 0.316056996583939 0.34100478887558 0.366752445697784 0.397993057966232 0.435970664024353 0.477750808000565 0.519570529460907 0.558228313922882 0.585415601730347 0.598174333572388 0.599641382694244 0.593479037284851 0.589779615402222 0.628080904483795 0.645647704601288 0.672429382801056 0.669059872627258 0.668004870414734 0.67070209980011 0.741554439067841 0.808285534381866 0.807585179805756 0.804045081138611 0.805294632911682 0.784991145133972 0.745599865913391 0.747760832309723 0.786372125148773 0.748918652534485 0.717977643013 0.663091778755188 0.663899540901184 0.540846824645996 0.634599626064301 0.722362339496613 0.770534038543701 0.757204055786133 0.763667821884155
0.142489284276962 0.145019873976707 0.14993804693222 0.157013922929764 0.163764998316765 0.170589193701744 0.178825467824936 0.189252018928528 0.195599898695946 0.203465223312378 0.214516013860703 0.223589926958084 0.244681417942047 0.265750706195831 0.278524816036224 0.285903096199036 0.303055852651596 0.323926776647568 0.343369632959366 0.368992805480957 0.402023017406464 0.432594865560532 0.468141615390778 0.50476747751236 0.53811639547348 0.565584003925323 0.600474238395691 0.606597006320953 0.605278193950653 0.619167804718018 0.641253650188446 0.655155420303345 0.698650896549225 0.693207919597626 0.689631283283234 0.686078310012817 0.712620258331299 0.788041353225708 0.806641042232513 0.802501201629639 0.811228573322296 0.800780177116394 0.798268616199493 0.789783775806427 0.769656538963318 0.731993317604065 0.667728185653687 0.523862898349762 0.449985384941101 0.485750168561935 0.676052927970886 0.720423460006714 0.769032895565033 0.749766886234283 0.73402738571167
0.146282270550728 0.149953410029411 0.156191512942314 0.161964416503906 0.16781111061573 0.174590930342674 0.184064969420433 0.193855047225952 0.203177198767662 0.213162258267403 0.225360825657845 0.236843720078468 0.248870775103569 0.260320603847504 0.274492710828781 0.287193059921265 0.307235032320023 0.330899626016617 0.355393290519714 0.383121907711029 0.406776785850525 0.435944497585297 0.466914892196655 0.499127089977264 0.553654253482819 0.575574815273285 0.65161144733429 0.625288426876068 0.626055002212524 0.643774926662445 0.663439631462097 0.677290260791779 0.694735825061798 0.70087993144989 0.700497210025787 0.705276668071747 0.699639141559601 0.747730612754822 0.808387458324432 0.795116424560547 0.778176009654999 0.781216323375702 0.745366513729095 0.744719445705414 0.775586724281311 0.731126189231873 0.690027832984924 0.647660374641418 0.510407865047455 0.381070613861084 0.626511812210083 0.717782855033875 0.772320151329041 0.769669830799103 0.714185118675232
0.153120622038841 0.158418193459511 0.161901250481606 0.166260614991188 0.170639529824257 0.179462537169456 0.188993617892265 0.199519202113152 0.212859019637108 0.230815649032593 0.240269154310226 0.241861894726753 0.246821746230125 0.259914547204971 0.273378401994705 0.292239159345627 0.313704997301102 0.334131926298141 0.359477430582047 0.385669618844986 0.410935550928116 0.432640612125397 0.459308177232742 0.505412340164185 0.554837942123413 0.606961131095886 0.698941946029663 0.65031760931015 0.610852897167206 0.645001173019409 0.670910477638245 0.712657749652863 0.72576504945755 0.7099729180336 0.709506511688232 0.766952633857727 0.771780967712402 0.805947840213776 0.768709123134613 0.784797608852386 0.761877715587616 0.729697823524475 0.703055739402771 0.695157587528229 0.733544945716858 0.739529848098755 0.702207148075104 0.648485720157623 0.58603310585022 0.456686079502106 0.565932035446167 0.717321038246155 0.785212993621826 0.769294500350952 0.657002627849579
0.158653125166893 0.162945479154587 0.166169866919518 0.172350227832794 0.180005088448524 0.185930177569389 0.19537840783596 0.208022743463516 0.220470100641251 0.233939334750175 0.244879528880119 0.251291990280151 0.256149441003799 0.268630176782608 0.283742010593414 0.298925846815109 0.317340105772018 0.345264077186584 0.36429426074028 0.385938107967377 0.405403196811676 0.428370118141174 0.464861154556274 0.506060183048248 0.535869836807251 0.573383629322052 0.68813681602478 0.65244847536087 0.602720081806183 0.630434572696686 0.65051680803299 0.706969797611237 0.721716165542603 0.693063914775848 0.713268160820007 0.806707799434662 0.783688902854919 0.788843095302582 0.799230694770813 0.779610991477966 0.751466155052185 0.715472817420959 0.689346611499786 0.678251922130585 0.687723338603973 0.718826770782471 0.668017625808716 0.5808225274086 0.385751336812973 0.397304981946945 0.666197121143341 0.739212334156036 0.786927580833435 0.741233110427856 0.591761529445648
0.162158384919167 0.167293876409531 0.171116858720779 0.17778642475605 0.185197561979294 0.192310258746147 0.202913150191307 0.212199583649635 0.221698224544525 0.232591986656189 0.245805189013481 0.261129766702652 0.274298846721649 0.288712501525879 0.29938879609108 0.313121110200882 0.333634167909622 0.352930456399918 0.366365075111389 0.385598123073578 0.404663860797882 0.44159784913063 0.480445832014084 0.519635438919067 0.555486440658569 0.590030431747437 0.628700375556946 0.687864303588867 0.6175537109375 0.636174619197845 0.669544339179993 0.70851856470108 0.689390063285828 0.719465911388397 0.799005329608917 0.759168446063995 0.746105849742889 0.793331384658813 0.77792751789093 0.773877680301666 0.765781223773956 0.725407421588898 0.711209833621979 0.669121444225311 0.65315580368042 0.686483085155487 0.613930284976959 0.466472089290619 0.355525016784668 0.374955624341965 0.684251070022583 0.773624897003174 0.772307634353638 0.724433124065399 0.664081037044525
0.165601432323456 0.171259745955467 0.180175274610519 0.188622325658798 0.198155701160431 0.207161352038383 0.214982703328133 0.222582891583443 0.233588859438896 0.242806896567345 0.250817000865936 0.268634408712387 0.283227324485779 0.297188609838486 0.310173064470291 0.322283834218979 0.339428216218948 0.35378435254097 0.372202813625336 0.400325864553452 0.442842572927475 0.470320820808411 0.496572554111481 0.527213871479034 0.554645776748657 0.600325405597687 0.669947624206543 0.666412532329559 0.626609086990356 0.634993314743042 0.667357087135315 0.686201453208923 0.705338835716248 0.749675273895264 0.781648695468903 0.716945052146912 0.690112888813019 0.743190944194794 0.761567652225494 0.724116027355194 0.729612827301025 0.718476533889771 0.694544315338135 0.653044581413269 0.614029169082642 0.626246809959412 0.607709884643555 0.616570353507996 0.548435807228088 0.429979115724564 0.694838225841522 0.785409271717072 0.759300291538239 0.690893590450287 0.656818866729736
0.17365437746048 0.180403903126717 0.191984280943871 0.203181177377701 0.210479900240898 0.216514885425568 0.222087368369102 0.230357021093369 0.240298792719841 0.247275412082672 0.262511670589447 0.277458310127258 0.292982816696167 0.306547492742538 0.314396262168884 0.331395983695984 0.346090018749237 0.355195730924606 0.378413438796997 0.418478280305862 0.468969821929932 0.496911406517029 0.511754333972931 0.547175884246826 0.579417169094086 0.608653962612152 0.668264150619507 0.697895765304565 0.659100413322449 0.641182959079742 0.703863024711609 0.745594382286072 0.717687427997589 0.747373521327972 0.776352107524872 0.699733674526215 0.659867107868195 0.717600703239441 0.736024379730225 0.721827924251556 0.695109903812408 0.680901408195496 0.676502406597137 0.656003713607788 0.615251243114471 0.496860831975937 0.344565033912659 0.499980181455612 0.59971421957016 0.509130001068115 0.686838388442993 0.775781631469727 0.741700232028961 0.669275343418121 0.560304403305054
0.17904432117939 0.191354274749756 0.203067794442177 0.209888532757759 0.215967029333115 0.219025537371635 0.224080830812454 0.228850871324539 0.238594233989716 0.249985754489899 0.262486785650253 0.277870208024979 0.292963951826096 0.316862821578979 0.340442895889282 0.360304832458496 0.368503034114838 0.384587407112122 0.403133690357208 0.427019357681274 0.458535075187683 0.482836276292801 0.502324342727661 0.55471396446228 0.621495842933655 0.674014925956726 0.725393056869507 0.730229496955872 0.664540946483612 0.649847805500031 0.746888399124146 0.812406420707703 0.790649890899658 0.781844139099121 0.77375715970993 0.676064133644104 0.664188802242279 0.713987410068512 0.691657602787018 0.663088083267212 0.652261018753052 0.630256175994873 0.630146026611328 0.638536036014557 0.590634942054749 0.383433729410172 0.240214571356773 0.368950337171555 0.539630532264709 0.664284408092499 0.695762932300568 0.76557457447052 0.740353047847748 0.699355483055115 0.673382580280304
0.188973486423492 0.201500743627548 0.208108857274055 0.213823184370995 0.217846766114235 0.218433126807213 0.218569695949554 0.224607288837433 0.235247731208801 0.246581494808197 0.259492695331573 0.271210163831711 0.297857016324997 0.335273683071136 0.362726718187332 0.379249781370163 0.393837660551071 0.3968106508255 0.396596759557724 0.407481998205185 0.435267388820648 0.462365984916687 0.496436446905136 0.553325414657593 0.599415421485901 0.633827388286591 0.693331360816956 0.732443809509277 0.660342931747437 0.665858566761017 0.780051529407501 0.812449157238007 0.789380490779877 0.773404240608215 0.72111177444458 0.664343059062958 0.676244258880615 0.659351944923401 0.639014065265656 0.616742670536041 0.611425697803497 0.531604588031769 0.581054627895355 0.614744961261749 0.567569196224213 0.355632334947586 0.227116078138351 0.323914408683777 0.467022955417633 0.655613481998444 0.66427356004715 0.744185507297516 0.734234869480133 0.58084499835968 0.629191994667053
