supmat2_scripts_points_rasters/rasters/biasfile_chordo.asc
NCOLS 360 
NROWS 480 
XLLCORNER 119.5 
YLLCORNER 21.5 
CELLSIZE 0.00833333333333333 
NODATA_value -9999 
[rows 270 to 296 of 480, columns 183 to 243 of 360]
0.201516965087565 0.20246657925808 0.203403018113058 0.20432595265992 0.205235064520274 0.206130046082604 0.207010600640134 0.207876442513766 0.20872729716 0.209562901263779 0.210383002816222 0.211187361177223 0.21197574712294 0.212747942878184 0.213503742133792 0.214242950049042 0.214965383239218 0.215670869748462 0.216359249008051 0.217030371780274 0.217684100088112 0.218320307130923 0.218938877186387 0.219539705498965 0.220122698155149 0.220687771945817 0.221234854216001 0.221763882702429 0.222274805359179 0.222767580171843 0.22324217496059 0.223698567172542 0.224136743663894 0.224556700472219 0.224958442579429 0.225341983665853 0.225707345855922 0.226054559455967 0.22638366268463 0.22669470139641 0.226987728798884 0.227262805164119 0.227519997534839 0.227759379425892 0.227981030521567 0.228185036369332 0.22837148807055 0 0 0 0 0 0 0 0 0 0 0 0 0 0
0.200545621631207 0.201505012105662 0.202451577268059 0.203384989209493 0.204304930452921 0.205211094102997 0.206103183981203 0.206980914746197 0.207844011999278 0.208692212374925 0.209525263616358 0.210342924636127 0.21114496556173 0.211931167766299 0.21270132388441 0.21345523781311 0.214192724698246 0.214913610906247 0.215617733981495 0.216304942589467 0.216975096445842 0.21762806623179 0.21826373349569 0.218881990541527 0.219482740304269 0.220065896212506 0.220631382038692 0.221179131737319 0.221709089271394 0.222221208427594 0.222715452620494 0.223191794686285 0.223650216666408 0.224090709581555 0.224513273196483 0.224917915776132 0.225304653833514 0.225673511869883 0.226024522107691 0.22635772421684 0.226673165034776 0.226970898280938 0.227250984266117 0.227513489597283 0.227758486878403 0.227986054407849 0.22819627587292 0 0 0 0 0 0 0 0 0 0 0 0 0 0
0.199586981083077 0.200556222941111 0.201512989762054 0.202456954709421 0.203387801196019 0.204305223030927 0.205208924551891 0.206098620743086 0.206974037338126 0.207834910908284 0.208680988935898 0.209512029872937 0.210327803184754 0.211128089379059 0.21191268002018 0.212681377728684 0.213433996166481 0.214170360007529 0.214890304894303 0.215593677380194 0.21628033485805 0.216950145475059 0.217602988034247 0.218238751882812 0.218857336787617 0.219458652798127 0.220042620097108 0.220609168839448 0.221158238979447 0.221689780086965 0.222203751152814 0.22270012038382 0.22317886498797 0.223639970950105 0.224083432798595 0.224509253363493 0.224917443526627 0.225308021964149 0.225681014882029 0.226036455745024 0.226374384999639 0.226694849791617 0.226997903678496 0.227283606337791 0.227552023271326 0.227803225506306 0.228037289293655 0 0 0 0 0 0 0 0 0 0 0 0 0 0
0.198641138002809 0.199620305804152 0.200587349077859 0.201541942048481 0.202483769007075 0.203412524455308 0.204327913235137 0.205229650643969 0.206117462535216 0.206991085404209 0.207850266459435 0.208694763679082 0.209524345852931 0.210338792609611 0.211137894429307 0.211921452641986 0.212689279411261 0.213441197704027 0.214177041246021 0.214896654463482 0.215599892411121 0.216286620686605 0.216956715331818 0.217610062721146 0.218246559437082 0.218866112133449 0.219468637386573 0.220054061534736 0.220622320506286 0.22117335963677 0.221707133475499 0.222223605581946 0.222722748312409 0.223204542597396 0.22366897771016 0.224116051026888 0.224545767779002 0.22495814079808 0.225353190253898 0.225730943386104 0.226091434230062 0.226434703337374 0.226760797491645 0.227069769420014 0.227361677501007 0.227636585469276 0.227894562117756 0 0 0 0 0 0 0 0 0 0 0 0 0 0
0.197708180484971 0.198697348232823 0.199674742160219 0.200640037541256 0.201592919533533 0.202533083319399 0.203460234232905 0.204374087872365 0.205274370198463 0.206160817617851 0.207033177052218 0.207891205992819 0.208734672540497 0.20956335543123 0.210377044047273 0.211175538413997 0.211958649182506 0.21272619759821 0.213478015455467 0.214213945038509 0.214933839048837 0.215637560519302 0.216324982715137 0.21699598902218 0.217650472822597 0.218288337358395 0.218909495583054 0.219513870001623 0.220101392499641 0.220672004161263 0.221225655076988 0.221762304141398 0.222281918841338 0.222784475034984 0.223269956722249 0.223738355807001 0.224189671851571 0.224623911824052 0.225041089838882 0.225441226891236 0.225824350585742 0.226190494860043 0.226539699703765 0.226872010873409 0.227187479603719 0 0 0 0 0 0 0 0 0 0 0 0 0 0 0 0
0.196788190159952 0.197787431264254 0.198775249416497 0.199751320928714 0.200715331813256 0.201666977921175 0.20260596506645 0.203532009135951 0.204444836185095 0.205344182519125 0.206229794760021 0.207101429899 0.207958855334677 0.208801848896894 0.209630198856308 0.210443703919825 0.211242173211989 0.21202542624247 0.212793292859805 0.213545613191577 0.214282237571239 0.215003026451789 0.215707850306572 0.216396589517443 0.217069134250602 0.217725384320395 0.21836524904141 0.218988647069208 0.219595506230061 0.220185763340066 0.220759364014031 0.221316262464564 0.221856421291757 0.222379811263952 0.222886411090001 0.223376207183523 0.223849193419618 0.22430537088454 0.224744747618827 0.225167338354407 0.225573164246182 0.225962252598647 0.226334636588046 0.226690354980631 0.227029451847554 0 0 0 0 0 0 0 0 0 0 0 0 0 0 0 0
0.195881242197924 0.196890629438545 0.197888944720448 0.198875865381898 0.199851078278125 0.200814279916844 0.201765176579752 0.202703484429902 0.203628929604899 0.204541248295874 0.205440186812213 0.206325501632055 0.207196959438571 0.208054337142084 0.208897421888098 0.209726011051331 0.210539912215865 0.211338943141562 0.212122931716891 0.212891715898366 0.213645143636792 0.21438307279054 0.215105371026108 0.215811915706233 0.216502593765827 0.217177301576073 0.217835944796978 0.218478438218744 0.219104705592311 0.219714679449464 0.220308300912885 0.220885519496572 0.221446292897044 0.221990586775789 0.222518374533391 0.223029637075817 0.223524362573337 0.224002546212575 0.224464189942183 0.224909302212657 0.225337897710805 0.2257499970894 0.226145626692546 0.226524818277298 0.226887608732069 0 0 0 0 0 0 0 0 0 0 0 0 0 0 0 0
0.194987405315762 0.196007010805604 0.197015895418991 0.198013737508623 0.199000224760661 0.199975054327388 0.200937932945979 0.201888577043279 0.202826712826545 0.203752076360106 0.204664413627928 0.205563480582086 0.206449043177178 0.207320877390727 0.208178769229654 0.209022514722908 0.209851919900378 0.210666800758228 0.211466983210819 0.212252303029398 0.213022605767769 0.213777746675161 0.214517590596558 0.215242011860739 0.215950894156335 0.216644130396207 0.217321622570453 0.217983281588419 0.218629027110056 0.219258787367006 0.219872498973818 0.220470106729706 0.221051563411267 0.221616829556613 0.222165873241359 0.222698669846944 0.223215201821756 0.223715458435559 0.224199435527712 0.224667135249693 0.225118565802452 0.225553741169099 0.22597268084348 0.226375409555157 0.226761956991337 0 0 0 0 0 0 0 0 0 0 0 0 0 0 0 0
0.194106741786955 0.195136636935003 0.196156162342003 0.197164997363207 0.198162830503695 0.19914935954818 0.200124291677043 0.201087343568525 0.202038241487008 0.202976721357368 0.203902528825366 0.204815419304101 0.20571515800656 0.206601519964297 0.207474290032348 0.208333262880462 0.209178242970768 0.210009044522038 0.21082549146069 0.211627417358737 0.212414665358876 0.213187088086951 0.213944547552043 0.214686915034452 0.215414070961858 0.21612590477398 0.216822314776049 0.217503207981449 0.218168499943878 0.218818114579426 0.219451983978948 0.220070048211156 0.220672255116852 0.221258560094742 0.221828925879285 0.222383322311047 0.222921726100028 0.223444120582463 0.223950495471591 0.224440846602882 0.224915175674277 0.225373489981911 0.225815802151895 0.226242129868664 0.226652495600421 0.227046926322252 0 0 0 0 0 0 0 0 0 0 0 0 0 0 0
0.193239307454535 0.194279562928861 0.195309799815153 0.196329698459259 0.19733894817311 0.198337247361671 0.19932430363624 0.200299833914055 0.201263564504118 0.202215231179234 0.203154579234234 0.20408136353041 0.204995348526191 0.205896308294109 0.206784026524149 0.207658296513583 0.208518921143391 0.209365712841448 0.210198493532613 0.211017094575929 0.211821356689132 0.212611129860708 0.213386273249746 0.214146655073848 0.214892152485401 0.215622651436523 0.216338046532982 0.217038240877475 0.217723145902598 0.218392681193899 0.219046774303419 0.219685360554112 0.220308382835592 0.220915791391624 0.221507543599838 0.22208360374411 0.222643942780095 0.223188538094398 0.223717373257888 0.224230437773638 0.224727726820038 0.225209240989565 0.225674986023766 0.226124972544967 0.226559215785249 0.226977735313228 0 0 0 0 0 0 0 0 0 0 0 0 0 0 0
0.192385151746913 0.193435837437646 0.194476855675676 0.195507887785423 0.196528623873554 0.197538762953072 0.198538013053896 0.199526091319869 0.200502724092132 0.201467646978845 0.202420604911253 0.203361352186087 0.204289652494375 0.205205278936695 0.206108014024958 0.206997649670842 0.207873987160968 0.20873683711901 0.209586019454866 0.21042136330111 0.211242706936926 0.212049897699744 0.21284279188486 0.213621254633279 0.214385159808093 0.215134389859699 0.215868835680183 0.216588396447223 0.217292979457864 0.217982499952556 0.21865688092985 0.219316052952147 0.219959953942955 0.220588528976068 0.221201730057126 0.221799515898033 0.222381851684688 0.22294870883853 0.223500064772394 0.224035902641161 0.224556211087745 0.225060983984911 0.225550220173453 0.226023923197274 0.22648210103588 0.226924765834841 0 0 0 0 0 0 0 0 0 0 0 0 0 0 0
0.191544317696645 0.192605502678927 0.193657371291108 0.194699605824096 0.195731897167135 0.196753944929035 0.197765457546031 0.198766152376193 0.199755755780353 0.20073400318951 0.201700639158726 0.202655417407513 0.203598100846765 0.204528461592298 0.205446280965075 0.206351349478225 0.207243466810986 0.20812244176973 0.208988092236217 0.209840245103298 0.210678736198266 0.211503410194082 0.212314120508752 0.213110729193099 0.213893106807248 0.21466113228612 0.215414692794269 0.216153683570415 0.216878007762017 0.217587576250296 0.218282307466081 0.218962127196893 0.219626968385704 0.220276770921796 0.220911481424181 0.22153105301804 0.222135445104657 0.222724623125337 0.223298558319797 0.223857227479531 0.224400612696671 0.22492870110884 0.225441484640543 0.225938959741598 0.226421127123164 0.226887991491872 0 0 0 0 0 0 0 0 0 0 0 0 0 0 0
0.190716841962149 0.191788594459092 0.192851381581001 0.193904886573138 0.194948801095131 0.195982825339353 0.197006668136049 0.198020047045164 0.199022688434811 0.200014327546366 0.200994708546195 0.201963584564022 0.202920717717992 0.203865879126485 0.204798848906787 0.205719416160701 0.206627378947246 0.207522544242599 0.208404727887431 0.209273754521863 0.210129457508226 0.210971678841881 0.211800269050345 0.212615087081001 0.213416000177675 0.214202883746413 0.214975621210767 0.21573410385695 0.216478230669217 0.217207908155858 0.2179230501662 0.21862357769902 0.219309418702806 0.219980507868297 0.220636786413749 0.221278201863407 0.221904707819634 0.222516263729197 0.2231128346442 0.223694390978156 0.224260908257718 0.224812366870576 0.225348751810047 0.225870052416873 0.226376262118763 0 0 0 0 0 0 0 0 0 0 0 0 0 0 0 0
0.18990275485226 0.190985142197914 0.192058915041503 0.193123757570465 0.194179362202596 0.195225429701575 0.196261669279368 0.197287798685466 0.198303544282899 0.199308641111026 0.200302832935087 0.201285872282551 0.202257520466312 0.203217547594786 0.204165732569011 0.205101863066859 0.206025735514489 0.206937155045203 0.207835935445869 0.208721899091113 0.20959487686551 0.210454708073972 0.211301240340642 0.21213432949652 0.21295383945615 0.213759642083666 0.214551617048523 0.215329651671281 0.216093640759784 0.216843486436124 0.217579097954798 0.218300391512445 0.219007290049606 0.219699723044942 0.220377626302353 0.22104094173147 0.221689617121979 0.22232360591228 0.22294286695295 0.223547364265525 0.224137066797105 0.224711948171285 0.225271986435946 0.225817163808417 0.226347466418537 0 0 0 0 0 0 0 0 0 0 0 0 0 0 0 0
0.189102080353641 0.190195168955998 0.191279993772836 0.192356239921556 0.193423600565889 0.194481777028563 0.195530478890992 0.196569424079921 0.197598338940991 0.198616958299213 0.19962502550636 0.200622292475293 0.20160851970128 0.202583476270381 0.203546939854982 0.204498696696601 0.205438541576095 0.20636627777143 0.207281717003185 0.208184679367996 0.209074993260146 0.209952495281551 0.210817030140396 0.211668450538694 0.212506617049063 0.213331397981051 0.214142669237308 0.214940314159993 0.21572422336775 0.216494294583644 0.217250432454465 0.217992548361788 0.218720560225233 0.219434392298358 0.220133974957624 0.220819244484906 0.221490142844016 0.222146617451723 0.222788620943753 0.223416110936275 0.224029049783373 0.224627404331019 0.225211145668058 0.225780248874735 0.226334692769269 0 0 0 0 0 0 0 0 0 0 0 0 0 0 0 0
0.188314836161077 0.189418691465111 0.190514633509664 0.191602348329862 0.192681529823123 0.193751879858981 0.194813108376044 0.195864933466062 0.196907081445035 0.197939286911384 0.198961292791167 0.199972850370391 0.200973719314459 0.201963667674834 0.202942471883012 0.203909916731918 0.204865795344871 0.205809909132262 0.206742067736144 0.20766208896291 0.208569798704308 0.209465030846997 0.21034762717094 0.211217437236882 0.212074318263228 0.212918134992629 0.213748759548609 0.214566071282582 0.215369956611622 0.216160308847374 0.2169370280165 0.217700020673059 0.218449199703267 0.219184484123057 0.219905798868889 0.220613074582285 0.221306247388537 0.221985258670094 0.222650054835094 0.223300587081547 0.223936811157684 0.224558687118956 0.225166179082223 0.225759254977632 0.226337886298718 0.226902047851245 0 0 0 0 0 0 0 0 0 0 0 0 0 0 0
0.187541033710485 0.18865572016126 0.189762843654238 0.190862091130009 0.19195315720743 0.193035744290605 0.194109562663123 0.195174330569535 0.196229774284021 0.197275628166243 0.198311634704403 0.199337544545528 0.200353116513052 0.201358117611758 0.202352323020185 0.203335516070621 0.204307488216814 0.205268038989574 0.206216975940426 0.207154114573545 0.20807927826617 0.208992298177746 0.209893013148063 0.210781269584657 0.21165692133978 0.212519829577253 0.213369862629534 0.214206895845352 0.215030811428269 0.215841498266556 0.216638851754782 0.217422773607515 0.21819317166557 0.218949959695243 0.219693057180959 0.220422389111826 0.221137885762531 0.221839482469084 0.222527119399884 0.223200741322602 0.223860297367392 0.224505740786924 0.225137028713768 0.225754121915632 0 0 0 0 0 0 0 0 0 0 0 0 0 0 0 0 0
0.186780678214774 0.187906259220627 0.189024627312399 0.190135470323869 0.191238483583096 0.19233337001654 0.193419840240589 0.194497612640453 0.195566413436381 0.196625976737202 0.197676044581226 0.198716366964502 0.199746701856533 0.200766815203496 0.201776480919088 0.202775480863108 0.203763604807923 0.204740650392974 0.205706423067518 0.206660736021793 0.207603410106846 0.208534273743253 0.209453162819003 0.210359920576815 0.211254397491206 0.212136451135604 0.213005946039856 0.213862753538474 0.214706751609987 0.215537824707782 0.21635586358283 0.217160765098707 0.217952432039327 0.218730772909843 0.219495701731138 0.220247137828387 0.220985005614144 0.221709234366438 0.222419758002369 0.223116514847688 0.223799447402872 0.224468502106186 0.225123629094256 0.225764781960668 0 0 0 0 0 0 0 0 0 0 0 0 0 0 0 0 0
0.186033768702395 0.187170306598208 0.188299981332306 0.189422481619387 0.190537503484474 0.191644750364204 0.192743933195631 0.19383477049254 0.194916988409215 0.195990320791682 0.197054509216432 0.198109303016669 0.19915445929615 0.20018974293069 0.201214926557439 0.202229790552059 0.203234122993935 0.204227719619602 0.205210383764549 0.206181926293638 0.207142165520327 0.208090927114973 0.209028044002455 0.209953356249417 0.210866710941413 0.211767962050293 0.212656970292137 0.21353360297612 0.214397733844647 0.215249242905153 0.216088016253971 0.216913945892656 0.217726929537219 0.218526870420677 0.219313677089388 0.220087263193622 0.220847547272827 0.221594452536086 0.222327906638232 0.223047841452122 0.223754192837576 0 0 0 0 0 0 0 0 0 0 0 0 0 0 0 0 0 0 0 0
0.185300298058592 0.186447854069171 0.187588896345908 0.188723114472142 0.189850205157653 0.190969872337103 0.192081827256133 0.193185788545089 0.194281482280349 0.195368642033256 0.19644700890668 0.197516331559249 0.198576366217317 0.199626876674748 0.200667634280629 0.201698417915042 0.202719013953017 0.203729216216875 0.204728825917108 0.205717651582026 0.2066955089764 0.207662221009324 0.208617617631594 0.209561535722853 0.210493818968834 0.211414317728996 0.212322888894899 0.213219395739671 0.21410370775893 0.21497570050354 0.215835255404613 0.216682259591146 0.21751660570073 0.21833819168377 0.219146920601646 0.219942700419292 0.220725443792644 0.221495067851445 0.222251493977886 0.222994647581564 0 0 0 0 0 0 0 0 0 0 0 0 0 0 0 0 0 0 0 0 0
0.184580253069361 0.185738887272946 0.186891356813144 0.188037352129675 0.189176570604892 0.19030871665938 0.191433501835339 0.192550644867741 0.193659871743203 0.194760915746621 0.195853517495569 0.196937424962507 0.198012393484885 0.199078185763205 0.200134571847172 0.201181329110049 0.202218242211368 0.203245103048178 0.204261710694995 0.205267871332694 0.206263398166546 0.207248111333659 0.208221837800093 0.209184411247922 0.210135671952557 0.211075466650641 0.212003648398853 0.212920076423982 0.213824615964628 0.214717138104914 0.215597519600616 0.216465642698108 0.217321394946553 0.218164669003777 0.218995362436259 0.219813377513716 0.220618620998724 0.221411003931875 0.222190441412929 0.22295685237847 0 0 0 0 0 0 0 0 0 0 0 0 0 0 0 0 0 0 0 0 0
0.183873614468016 0.185043385759915 0.186207341068777 0.187365171678457 0.188516575631728 0.189661257823042 0.190798930079206 0.191929311227956 0.193052127154397 0.194167110845327 0.195274002421474 0.196372549157692 0.197462505491191 0.198543633017881 0.199615700476958 0.200678483723851 0.201731765691679 0.202775336341406 0.203808992600866 0.20483253829289 0.205845784052741 0.206848547235132 0.207840651811073 0.208821928254847 0.20979221342141 0.210751350414546 0.211699188446096 0.212635582686636 0.213560394107949 0.214473489317697 0.215374740386674 0.216264024669052 0.217141224616055 0.218006227583478 0.218858925633509 0.219699215331313 0.220526997536824 0.221342177192246 0.222144663105722 0 0 0 0 0 0 0 0 0 0 0 0 0 0 0 0 0 0 0 0 0 0
0.183180356984335 0.18436132304073 0.18553682137186 0.186706544093499 0.187870189896729 0.189027464137869 0.190178078916448 0.1913217531412 0.192458212584067 0.193587189922217 0.194708424768125 0.195821663687748 0.196926660206891 0.198023174805829 0.199110974902329 0.200189834823183 0.201259535764419 0.202319865740359 0.20337061952172 0.204411598562963 0.205442610919143 0.206463471152484 0.207474000228969 0.20847402540522 0.209463380105981 0.21044190379252 0.211409441822284 0.212365845300178 0.213310970921812 0.214244680809118 0.215166842338729 0.216077327963524 0.216976015027774 0.217862785576314 0.218737526158184 0.219600127625209 0.220450484925962 0.221288496895605 0.222114066042069 0 0 0 0 0 0 0 0 0 0 0 0 0 0 0 0 0 0 0 0 0 0
0.182500449396319 0.183692666638226 0.184879763957821 0.186061434290607 0.18723737696391 0.188407297783984 0.189570909111271 0.190727929923832 0.191878085868902 0.193021109302617 0.194156739317932 0.195284721760778 0.196404809234563 0.197516761093073 0.198620343421932 0.199715329008723 0.200801497301943 0.201878634358973 0.202946532783243 0.204004991650818 0.205053816426646 0.206092818870696 0.207121816934283 0.20814063464686 0.209149101993566 0.210147054783888 0.211134334511732 0.2121107882073 0.213076268281104 0.214030632360535 0.214973743119358 0.215905468100552 0.21682567953293 0.217734254141951 0.218631072955185 0.219516021102882 0.220388987614102 0.221249865208891 0.222098550086969 0 0 0 0 0 0 0 0 0 0 0 0 0 0 0 0 0 0 0 0 0 0
0.18183385458442 0.183037378141848 0.184236129093069 0.185429801181165 0.186618094357701 0.187800714866994 0.188977375318682 0.190147794748576 0.191311698667785 0.19246881910014 0.193618894607953 0.194761670306165 0.195896897864975 0.197024335501026 0.198143747957295 0.199254906471808 0.20035758873534 0.201451578838291 0.202536667206916 0.203612650529148 0.204679331670238 0.20573651957846 0.206784029181169 0.207821681271492 0.208849302385955 0.209866724673386 0.210873785755411 0.211870328578919 0.212856201260846 0.213831256925684 0.214795353536096 0.215748353717046 0.216690124573885 0.217620537504803 0.218539468008115 0.21944679548481 0.220342403036851 0.221226177261676 0 0 0 0 0 0 0 0 0 0 0 0 0 0 0 0 0 0 0 0 0 0 0
0.181180529588258 0.182395413264564 0.183605871132109 0.184811597729452 0.186012293620446 0.187207665475686 0.188397426142372 0.1895812947026 0.19075899652005 0.191930263275112 0.193094832988492 0.194252450033343 0.195402865136028 0.196545835365591 0.197681124112078 0.198808501053844 0.199927742113996 0.201038629406179 0.202140951169867 0.203234501695421 0.204319081239122 0.205394495928437 0.206460557657812 0.207517083975258 0.208563897960054 0.20960082809189 0.210627708111781 0.211644376875122 0.212650678197234 0.213646460691817 0.214631577602668 0.215605886629113 0.216569249745541 0.217521533015508 0.21846260640082 0.219392343566079 0.220310621679131 0.221217321207899 0 0 0 0 0 0 0 0 0 0 0 0 0 0 0 0 0 0 0 0 0 0 0
0.180540425665809 0.181766721902269 0.182988938577159 0.184206771012465 0.185419920372448 0.186628093742269 0.187831004195161 0.18902837084815 0.190219918906311 0.191405379695604 0.19258449068432 0.193756995493201 0.194922643894338 0.196081191798924 0.197232401234012 0.198376040308407 0.19951188316786 0.20063970993975 0.201759306667454 0.202870465234619 0.2039729832796 0.20506666410028 0.206151316549593 0.207226754922012 0.208292798831315 0.20934927307997 0.210396007520467 0.211432836908952 0.212459600751542 0.213476143143703 0.214482312603091 0.215477961896253 0.216462947859634 0.217437131215305 0.218400376381857 0.219352551280925 0.220293527139792 0.221223178290547 0 0 0 0 0 0 0 0 0 0 0 0 0 0 0 0 0 0 0 0 0 0 0
