supmat2_scripts_points_rasters/rasters/biasfile_chordo.asc
NCOLS 360 
NROWS 480 
XLLCORNER 119.5 
YLLCORNER 21.5 
CELLSIZE 0.00833333333333333 
NODATA_value -9999 
[rows 54 to 80 of 480, columns 244 to 304 of 360]
0.208470528624996 0.206623017092737 0.20476138607498 0.202886234294784 0.200998164853907 0.199097784781102 0.197185704579733 0.195262537775215 0.193328900462792 0.19138541085612 0.189432688837154 0.187471355507829 0.185502032743983 0.183525342752015 0.181541907628724 0.17955234892477 0.177557287212228 0.175557341656634 0.173553129593955 0.171545266112921 0.169534363643065 0.167521031548917 0.165505875730692 0.163489498231843 0.161472496853846 0.15945546477854 0.157438990198346 0.155423655954701 0.153410039184964 0.151398710978121 0.149390236039527 0.147385172364948 0.145384070924159 0.14338747535429 0.141395921663161 0.139409937942788 0.137430044093225 0.135456751556941 0.133490563063836 0.131531972387075 0.12958146410982 0.127639513402978 0.12570658581407 0.12378313706725 0.121869612874583 0.119966448758588 0.118074069886077 0.116192890913336 0 0 0 0 0 0 0 0 0 0 0 0 0
0.209835555192124 0.20797773445789 0.206105632437371 0.204219852992992 0.202321004413143 0.200409698955846 0.198486552391788 0.196552183547174 0.194607213846946 0.192652266858842 0.190687967838779 0.188714943278077 0.186733820452963 0.184745226976854 0.182749790355878 0.180748137548066 0.178740894526698 0.176728685848203 0.174712134225055 0.172691860104093 0.170668481250629 0.168642612338789 0.166614864548421 0.16458584516896 0.162556157210606 0.160526399023151 0.158497163922773 0.156469039827141 0.154442608899092 0.152418447199199 0.150397124347484 0.148379203194529 0.14636523950225 0.144355781634521 0.142351370257899 0.140352538052623 0.138359809434064 0.136373700284812 0.134394717697521 0.132423359728677 0.130460115163377 0.128505463291238 0.126559873693533 0.124623806041596 0.12269770990659 0.120782024580654 0.118877178909458 0.116983591136211 0 0 0 0 0 0 0 0 0 0 0 0 0
0.211192011467268 0.209323959108896 0.20744146419587 0.205545135713589 0.203635587120305 0.201713435886195 0.199779303031805 0.197833812666334 0.195877591526309 0.193911268515121 0.191935474243928 0.189950840574428 0.187958000163959 0.185957586013422 0.183950231018491 0.181936567524558 0.179917226885878 0.177892839029345 0.175864032023322 0.173831431651964 0.171795660995417 0.169757340016306 0.167717085152895 0.165675508919266 0.163633219512914 0.161590820430072 0.159548910089098 0.157508081462265 0.155468921716225 0.153432011861456 0.151397926410964 0.149367233048475 0.1473404923064 0.145318257253757 0.1433010731943 0.141289477375025 0.139283998705241 0.137285157486391 0.135293465152732 0.133309424023055 0.131333527063526 0.12936625766177 0.127408089412292 0.125459485913274 0.123520900574855 0.121592776438891 0.119675546010246 0.117769631099622 0 0 0 0 0 0 0 0 0 0 0 0 0
0.212539625246421 0.210661421096436 0.208768613692631 0.206861817125859 0.204941650006335 0.203008734998127 0.201063698353019 0.199107169444241 0.197139780300611 0.195162165141562 0.19317495991358 0.191178801828535 0.189174328904394 0.187162179508797 0.185142991905976 0.183117403807455 0.181086051927027 0.179049571540404 0.177008596050004 0.174963756555298 0.172915681429102 0.170864995900245 0.168812321642981 0.166758276373509 0.164703473454 0.162648521504427 0.160594024022574 0.158540579012522 0.156488778621913 0.154439208788301 0.152392448894848 0.150349071435624 0.148309641690774 0.146274717411758 0.144244848516893 0.142220576797388 0.140202435634056 0.13819094972487 0.136186634823509 0.134189997489038 0.132201534846829 0.130221734360834 0.1282510736173 0.126290020119987 0.124339031096958 0.12239855331898 0.120469022929546 0.11855086528657 0.116644494815692 0 0.112868717632792 0.11100008395322 0.109144783298335 0.107303173637866 0.105475601371806 0 0 0 0 0 0
0.213878125467904 0.211989851617624 0.210086814420274 0.20816963305351 0.206238931260476 0.204295336879712 0.202339481374458 0.200371999361839 0.198393528142488 0.196404707231083 0.194406177888324 0.192398582654845 0.190382564887555 0.188358768298878 0.186327836499396 0.184290412544329 0.182247138484343 0.180198654921108 0.178145600568047 0.176088611816727 0.174028322309263 0.171965362517178 0.169900359327087 0.167833935633578 0.165766709939677 0.163699295965218 0.161632302263472 0.159566331846361 0.157501981818532 0.15543984302063 0.153380499682009 0.151324529083149 0.149272501228053 0.147224978526811 0.14518251548858 0.143145658425164 0.141114945165373 0.139090904780348 0.137074057319976 0.135064913560548 0.133063974763781 0.131071732447289 0.129088668166614 0.127115253308871 0.125151948898076 0.123199205412184 0.121257462611882 0.119327149381128 0.11740868357945 0.115502471905974 0.113608909775155 0.111728381204161 0.109861258711857 0.108007903229305 0.106168664021701 0.104343878621655 0.102533872773679 0 0 0 0
0.215207242329718 0.213308983132755 0.21139580113801 0.209468320590165 0.20752717034511 0.205572983395284 0.203606396394433 0.201628049182266 0.199638584309571 0.197638646564276 0.195628882498984 0.193609939960483 0.191582467621723 0.189547114516741 0.187504529579046 0.185455361183893 0.183400256694942 0.181339862015736 0.179274821146435 0.177205775746266 0.175133364702051 0.17305822370329 0.170980984824122 0.16890227611259 0.166822721187562 0.164742938843661 0.162663542664531 0.160585140644789 0.158508334820941 0.156433720911586 0.154361887967157 0.152293418029486 0.150228885801437 0.148168858326812 0.146113894680792 0.144064545671078 0.142021353549913 0.139984851737192 0.137955564554761 0.135934006972079 0.133920684363345 0.13191609227619 0.129920716212041 0.127935031418204 0.125959502691742 0.123994584195182 0.122040719284066 0.12009834034638 0.118167868653829 0.116249714224966 0.114344275700113 0.112451940228053 0.110573083364417 0.108708068981693 0.106857249190764 0.1050209642739 0.103199542629046 0 0 0 0
0.21652670740728 0.214618549482428 0.21269530998814 0.210757618215212 0.208806108110949 0.206841417799958 0.20486418910437 0.202875067063986 0.2008746994569 0.1988637363211 0.196842829477579 0.194812632055456 0.192773798019606 0.190726981701294 0.188672837332315 0.186612018583072 0.184545178105118 0.18247296707856 0.180396034764807 0.178315028065084 0.17623059108512 0.174143364706453 0.172053986164702 0.169963088635227 0.167871300826533 0.165779246581763 0.163687544488636 0.161596807498151 0.159507642552357 0.157420650221514 0.155336424350888 0.153255551717465 0.151178611696851 0.149106175940543 0.147038808063837 0.144977063344549 0.142921488432732 0.14087262107157 0.138830989829592 0.136797113844348 0.134771502577659 0.132754655582548 0.130747062281954 0.128749201759263 0.126761542560765 0.124784542510025 0.122818648534227 0.120864296502493 0.118921911076157 0.116991905571 0.11507468183139 0.113170630116275 0.111280128997 0.109403545266828 0 0 0 0 0 0 0
0.21783625377141 0.215918286004915 0.213985078612791 0.212037265909896 0.210075486912468 0.208100384854385 0.206112606702872 0.204112802674145 0.202101625749562 0.200079731192785 0.198047776068473 0.196006418763043 0.193956318507966 0.191898134906129 0.189832527461741 0.187760155114252 0.185681675776775 0.183597745879454 0.181509019918227 0.179416150009439 0.177319785450702 0.175220572288441 0.173119152892501 0.171016165538216 0.168912243996318 0.166808017131019 0.164704108506625 0.162601136003028 0.160499711440346 0.158400440213052 0.156303920933845 0.154210745087544 0.15212149669526 0.150036751989054 0.147957079097339 0.145883037741192 0.14381517894178 0.141754044739072 0.139700167921969 0.137654071770019 0.135616269806811 0.133587265565157 0.131567552364168 0.129557613098265 0.12755792003821 0.125568934644177 0.12359110739089 0.121624877604852 0.119670673313635 0.117728911107233 0.115799996011424 0.113884321373101 0.111982268757508 0 0 0 0 0 0 0 0
0.219135616106688 0.217207929653896 0.215264846271009 0.213307005273755 0.211335050723665 0.209349630939831 0.207351398010099 0.205341007302237 0.203319116975635 0.201286387494032 0.199243481139829 0.197191061530489 0.195129793137533 0.193060340808639 0.190983369293341 0.1888995427728 0.186809524394134 0.184713975809765 0.182613556722219 0.180508924434861 0.178400733408937 0.176289634827395 0.174176276165838 0.172061300771029 0.169945347447315 0.167829050051328 0.165713037095302 0.163597931359353 0.161484349513023 0.159372901746396 0.157264191411069 0.155158814671234 0.153057360165151 0.150960408677214 0.148868532820857 0.146782296732488 0.144702255776634 0.142628956262491 0.140562935171995 0.138504719899588 0.136454828003773 0.134413766970569 0.132382033988965 0.130360115738423 0.128348488188508 0.126347616410666 0.124357954402178 0.122379944922314 0.120414019340646 0.118460597497545 0 0 0 0 0 0 0 0 0 0 0
0.220424530829904 0.218487219116278 0.216534353955937 0.214566579641136 0.212584545253913 0.210588904173335 0.208580313582222 0.206559433973845 0.204526928659189 0.202483463275279 0.200429705295115 0.198366323539743 0.196293987692964 0.194213367819192 0.192125133884971 0.19002995528461 0.187928500370451 0.185821435988202 0.183709427017814 0.181593135920343 0.179473222291205 0.177350342420286 0.175225148859267 0.173098289996584 0.170970409640397 0.168842146609917 0.16671413433545 0.164587000467501 0.162461366495227 0.160337847374568 0.158217051166334 0.156099578684502 0.15398602315501 0.151876969885244 0.149772995944475 0.147674669855432 0.145582551297189 0.143497190819568 0.141419129569173 0.139348899027221 0.137287020759285 0.135234006177028 0.133190356312068 0.131156561601974 0.129133101688524 0.127120445228199 0.125119049714976 0.123129361315411 0 0 0 0 0 0 0 0 0 0 0 0 0
0.22170273620871 0.219755894930213 0.217793344512181 0.215815734197908 0.213823718063979 0.211817954523039 0.209799105826048 0.207767837564539 0.205724818173461 0.203670718435121 0.201606210984765 0.199531969818341 0.197448669802939 0.195356986190432 0.193257594134825 0.191151168213787 0.189038381954867 0.18691990736685 0.184796414476715 0.182668570872654 0.180537041253568 0.17840248698548 0.176265565665257 0.17412693069205 0.171987230846819 0.169847109880326 0.167707206109917 0.16556815202547 0.163430573904781 0.161295091438741 0.159162317366545 0.157032857121238 0.154907308485843 0.152786261260296 0.150670296939433 0.148559988402218 0.1464558996124 0.144358585330781 0.142268590839236 0.140186451676634 0.138112693386775 0.136047831278436 0.133992370197649 0.131946804312227 0.129911616908649 0.127887280201298 0.125874255154104 0 0 0 0 0 0 0 0 0 0 0 0 0 0
0.222969972480348 0.221013699603194 0.219041562753252 0.217054216098218 0.215052318682109 0.213036533923571 0.211007529113688 0.208965974913821 0.206912544854051 0.204847914832755 0.202772762617861 0.200687767350316 0.198593609050285 0.196490968126594 0.194380524889937 0.192262959070323 0.190138949339265 0.18800917283718 0.185874304706451 0.183735017630633 0.181591981380199 0.179445862365293 0.177297323195866 0.175147022249612 0.172995613248092 0.170843744841391 0.168692060201678 0.166541196626016 0.164391785148708 0.162244450163528 0.160099809056094 0.15795847184667 0.155821040843656 0.153688110307994 0.151560266128722 0.149438085509885 0.14732213666897 0.145212978547076 0.143111160530928 0.141017222186912 0.138931693007224 0.13685509216825 0.134787928301274 0.132730699275546 0.130683891993823 0.128647982200363 0 0 0 0 0 0 0 0 0 0 0 0 0 0 0
0.224225981970326 0.222260377730078 0.220278755578933 0.218281774581198 0.21627009872004 0.214244396391354 0.21220533989715 0.210153604938987 0.208089870112043 0.206014816400347 0.203929126673726 0.201833485187007 0.19972857708199 0.197615087892723 0.195493703054587 0.19336510741768 0.191229984765008 0.189089017335943 0.186942885355425 0.18479226656937 0.182637835786693 0.180480264428423 0.178320220084279 0.17615836607713 0.173995361035729 0.171831858476073 0.169668506391757 0.167505946853667 0.165344815619312 0.163185741752139 0.161029347251082 0.158876246690648 0.156727046871797 0.154582346483826 0.152442735777531 0.150308796249805 0.148181100339891 0.146060211137455 0.143946682102631 0.141841056798179 0.139743868633876 0.13765564062324 0.135576885152691 0.133508103763184 0.131449786944414 0 0 0 0 0 0 0 0 0 0 0 0 0 0 0 0
0.225470509211096 0.223495676111126 0.221504672092654 0.219498161087655 0.217476811988997 0.2154412981399 0.213392296822911 0.211330488748964 0.209256557547097 0.207171189255361 0.205075071813486 0.202968894557836 0.200853347719186 0.198729121923846 0.196596907698653 0.194457394980315 0.192311272629624 0.190159227951011 0.188001946217894 0.185840110204322 0.183674399723303 0.181505491172302 0.179334057086279 0.177160765698702 0.174986280510914 0.172811259870224 0.170636356557072 0.168462217381635 0.166289482790173 0.164118786481439 0.161950755033442 0.159786007540833 0.157625155263193 0.155468801284438 0.153317540183585 0.151171957717081 0.14903263051288 0.146900125776457 0.144775001008888 0.142657803737166 0.140549071256844 0.138449330387132 0.13635909723852 0 0 0 0 0 0 0 0 0 0 0 0 0 0 0 0 0 0
0.226703301060618 0.224719343869906 0.222719063718729 0.220703129376626 0.21867221461556 0.216626997694962 0.214568160846347 0.212496389758004 0.210412373060388 0.208316801812738 0.206210368991469 0.204093768980922 0.201967697066961 0.199832848933974 0.197689920165793 0.195539605751025 0.193382599593322 0.191219594027037 0.189051279338767 0.186878343295245 0.184701470678003 0.182521342825275 0.180338637181527 0.17815402685505 0.175968180183981 0.173781760311147 0.171595424768079 0.169409825068547 0.167225606311941 0.165043406796813 0.162863857644866 0.160687582435672 0.158515196852396 0.156347308338727 0.154184515767292 0.152027409119729 0.149876569178614 0.147732567231432 0.145595964786722 0.143467313302565 0.141347153927509 0.139236017254044 0 0 0 0 0 0 0 0 0 0 0 0 0 0 0 0 0 0 0
0.227924106820663 0.225931132570953 0.223921684319346 0.221896435641693 0.219856065157265 0.217801256009428 0.215732695345899 0.213651073799107 0.211557084967283 0.209451424896799 0.207334791566333 0.205207884373419 0.203071403623902 0.200926050024832 0.198772524181351 0.19661152609803 0.194443754685217 0.192269907270834 0.190090679118127 0.187906762949845 0.185718848479254 0.183527621948479 0.181333765674556 0.179137957603613 0.176940870873594 0.174743173385873 0.172545527386133 0.170348589054875 0.168153008107844 0.165959427406737 0.16376848258044 0.161580801657107 0.15939700470733 0.157217703498644 0.155043501161596 0.152874991867588 0.150712760518679 0.148557382449537 0.146409423141671 0.144269437950112 0.142137971842637 0.140015559151652 0 0 0 0 0 0 0 0 0 0 0 0 0 0 0 0 0 0 0
0.229132678354947 0.227130796337236 0.225112290311362 0.223077838627078 0.221028124718012 0.218963836578005 0.216885666237026 0.214794309237237 0.212690464109792 0.21057483185294 0.208448115411979 0.206311019161635 0.2041642483914 0.202008508794353 0.19984450596003 0.197672944871803 0.195494529409328 0.193309961856513 0.191119942415506 0.188925168727179 0.186726335398532 0.184524133537492 0.182319250295514 0.180112368418393 0.177904165805696 0.175695315079184 0.173486483160593 0.171278330859118 0.16907151246894 0.1668666753771 0.164664459682029 0.162465497823001 0.160270414220787 0.158079824929744 0.155894337301574 0.153714549660958 0.151541050993257 0.149374420644469 0.147215228033569 0.145064032377403 0.142921382428242 0 0 0 0 0 0 0 0 0 0 0 0 0 0 0 0 0 0 0 0
0.230328770206927 0.228318091967297 0.226290640782768 0.224247099743422 0.222188157063133 0.220114505551574 0.218026842085833 0.215925867082194 0.213812283968688 0.211686798658974 0.20955011902811 0.207402954390799 0.205246014982623 0.203080011444832 0.200905654313216 0.198723653511559 0.196534717850214 0.194339554530271 0.192138868653808 0.189933362740713 0.187723736252501 0.185510685123608 0.18329490130056 0.181077072289443 0.17885788071208 0.176638003871288 0.17441811332557 0.172198874473633 0.169980946149014 0.167764980225167 0.165551621231302 0.163341505979238 0.161135263201575 0.158933513201384 0.156736867513686 0.154545928578903 0.152361289428476 0.150183533382856 0.148013233761973 0.145850953608373 0.143697245423109 0 0 0 0 0 0 0 0 0 0 0 0 0 0 0 0 0 0 0 0
0.231512139717168 0.229492779051955 0.227456497608709 0.225403983183118 0.223335928734016 0.221253031851093 0.219155994222233 0.217045521101041 0.214922320775174 0.212787104036026 0.210640583650347 0.208483473834379 0.206316489731024 0.204140346890619 0.201955760755847 0.199763446151291 0.197564116778168 0.195358484714724 0.193147259922778 0.190931149760912 0.18871085850473 0.186487086874674 0.184260531571794 0.182031884821903 0.179801833928528 0.177571060835025 0.175340241696228 0.173110046460005 0.170881138459028 0.168654174013098 0.166429802042312 0.164208663691357 0.161991391965211 0.159778611376474 0.157570937604582 0.155368977167105 0.153173327103313 0.150984574670211 0.148803297051175 0 0 0 0 0 0 0 0 0 0 0 0 0 0 0 0 0 0 0 0 0 0
0.232682547140312 0.230654620090611 0.228609625567116 0.226548256035243 0.224471209162333 0.2223791872811 0.220272896852718 0.218153047930121 0.216020353622137 0.213875529559017 0.211719293359922 0.209552364102984 0.207375461798433 0.205189306865393 0.202994619612858 0.200792119725376 0.198582525753976 0.196366554612814 0.194144921082047 0.191918337317418 0.189687512366986 0.187453151695495 0.185215956716776 0.182976624334616 0.180735846492512 0.178494309732675 0.176252694764663 0.174011676044007 0.171771921361152 0.169534091441046 0.167298839553668 0.165066811135785 0.162838643424217 0.160614965100825 0.1583963959495 0.156183546525321 0.153977017836098 0.151777401036485 0 0 0 0 0 0 0 0 0 0 0 0 0 0 0 0 0 0 0 0 0 0 0
0.23383975576154 0.231803380607038 0.229749792453811 0.227679688399965 0.225593770783734 0.223492746642689 0.221377327172601 0.219248227186546 0.21710616457488 0.214951859766619 0.212786035192853 0.210609414752738 0.20842272328263 0.206226686028917 0.204022028125107 0.201809474073663 0.199589747233156 0.197363569311193 0.195131659863654 0.192894735800698 0.190653510900006 0.18840869532772 0.186160995167517 0.18391111195822 0.181659742240386 0.179407577112229 0.177155301795265 0.174903595210043 0.172653129562279 0.170404569939745 0.168158573920183 0.165915791190555 0.163676863177895 0.161442422691992 0.159213093580167 0.156989490394331 0.154772218070523 0 0 0 0 0 0 0 0 0 0 0 0 0 0 0 0 0 0 0 0 0 0 0 0
0.234983532012383 0.232938829264531 0.230876769196973 0.228798053502318 0.226703389150914 0.224593487845846 0.222469065477609 0.220330841579051 0.218179538781203 0.21601588227057 0.21384059924847 0.211654418393013 0.209458069324262 0.207252282073143 0.205037786554658 0.202815312045922 0.200585586669563 0.198349336882974 0.19610728697393 0.193860158563064 0.191608670113636 0.189353536449096 0.187095468278842 0.184835171732615 0.18257334790395 0.180310692403047 0.178047894919463 0.175785638794973 0.173524600606935 0.171265449762495 0.169008848103935 0.166755449525428 0.164505899601517 0.162260835227516 0.160020884272104 0.157786665242306 0.155558786961064 0 0 0 0 0 0 0 0 0 0 0 0 0 0 0 0 0 0 0 0 0 0 0 0
0.236113645585952 0.23406073798046 0.231990329971011 0.229903127805373 0.227799843046069 0.225681192021185 0.223547895274889 0.221400677018237 0.2192402645809 0.217067387864384 0.214882778797342 0.21268717079356 0.210481298213181 0.208265895827722 0.206041698289461 0.203809439605687 0.201569852618393 0.199323668489879 0.197071616194791 0.194814422019087 0.192552809066378 0.190287496772132 0.188019200426166 0.185748630703844 0.183476493206429 0.181203488010934 0.178930309229888 0.176657644581364 0.1743861749696 0.172116574076561 0.169849507964734 0.167585634691436 0.165325603934936 0.163070056632608 0.16081962463137 0.158574930350618 0 0 0 0 0 0 0 0 0 0 0 0 0 0 0 0 0 0 0 0 0 0 0 0 0
0.237229869551447 0.235168882040116 0.23309025230972 0.230994691122698 0.228882914592646 0.226755643630972 0.224613603393286 0.222457522726109 0.220288133614522 0.218106170631355 0.215912370388496 0.213707470990929 0.211492211494044 0.209267331364804 0.207033569947327 0.204791665933396 0.202542356838473 0.200286378483685 0.198024464484322 0.195757345745325 0.193485749964233 0.191210401142067 0.188932019102574 0.186651319020281 0.184369010957764 0.182085799412523 0.179802382873849 0.17751945339005 0.175237696146364 0.172957789053904 0.170680402349937 0.168406198209768 0.166135830370543 0.163869943767172 0.161609174180656 0.159354147898994 0 0 0 0 0 0 0 0 0 0 0 0 0 0 0 0 0 0 0 0 0 0 0 0 0
0.238331980467824 0.236263040209703 0.234176317218592 0.23207252672997 0.229952389366245 0.227816630579301 0.22566598009279 0.223501171344768 0.221322940931314 0.219132028051711 0.216929173955791 0.214715121394053 0.212490614071106 0.210256396103004 0.208013211479073 0.205761803528708 0.20350291439374 0.20123728450685 0.198965652076546 0.196688752579225 0.194407318258744 0.192122077634026 0.189833755015098 0.187543070028017 0.185250737149106 0.182957465248875 0.180663957146029 0.178370909171924 0.176079010745799 0.173788943961145 0.171501383183489 0.169216994659892 0.166936436140461 0.164660356512078 0.162389395444632 0 0 0 0 0 0 0 0 0 0 0 0 0 0 0.129342369512012 0.127231611219315 0 0 0 0 0 0 0 0 0 0
0.239419758496711 0.23734299484858 0.235248309286376 0.233136421475834 0.231008056504765 0.228863944321519 0.226704819173217 0.224531419044349 0.222344485096393 0.220144761109026 0.217932992923542 0.215709927889081 0.21347631431224 0.21123290091062 0.20898043627092 0.206719668312067 0.204451343753972 0.202176207592395 0.199895002580457 0.197608468717291 0.195317342744289 0.193022357649452 0.190724242180264 0.188423720365526 0.186121511046586 0.18381832741835 0.181514876580458 0.179211859099003 0.176909968579121 0.17460989124881 0.172312305554254 0.170017881766969 0.16772728160305 0.16544115785474 0.163160154034596 0 0 0 0 0 0 0 0 0 0 0 0 0 0 0.12996505195842 0.127844737794546 0.125738782990228 0 0 0 0 0 0 0 0 0
0.240492987514309 0.238408532020502 0.236306016795629 0.234186165891761 0.232049708817552 0.229897379972649 0.227729918081903 0.225548065629964 0.223352568296932 0.221144174395636 0.218923634311161 0.216691699943227 0.214449124151995 0.212196660207875 0.209935061245915 0.207665079725303 0.205387466894544 0.203102972262827 0.200812343078089 0.198516323812305 0.196215655654439 0.193911076011585 0.191603318018699 0.189293110057385 0.186981175284155 0.184668231168559 0.182354989041567 0.180042153654587 0.177730422749445 0.175420486639681 0.17311302780346 0.170808720488386 0.16850823032852 0.166212213973818 0.163921318732269 0 0 0 0 0 0 0 0 0 0 0 0 0 0 0 0 0 0 0 0 0 0 0 0 0 0
