supmat2_scripts_points_rasters/rasters/biasfile_chordo.asc
NCOLS 360 
NROWS 480 
XLLCORNER 119.5 
YLLCORNER 21.5 
CELLSIZE 0.00833333333333333 
NODATA_value -9999 
[rows 81 to 107 of 480, columns 244 to 304 of 360]
0.241551455222384 0.239459441603932 0.237349231832349 0.235221554300985 0.233077142893627 0.2309167364149 0.22874107802048 0.226550914647734 0.224346996447436 0.222130076217146 0.219900908836887 0.21766025070771 0.215408859193738 0.213147492068258 0.210876906964458 0.208597860831328 0.206311109395306 0.204017406628169 0.201717504221701 0.199412151069651 0.197102092757428 0.19478807106007 0.192470823448867 0.190151082607139 0.187829575955564 0.185507025187456 0.183184145814393 0.180861646722569 0.178540229740194 0.176220589216309 0.173903411611308 0.171589375099461 0.169279149183729 0.16697339432311 0.164672761572768 0 0 0 0 0 0 0 0 0 0 0 0 0 0 0 0 0 0 0 0 0 0 0 0 0 0
0.242594953258204 0.240495517401318 0.23837775039457 0.236242384926399 0.234090159208877 0.231921816404132 0.229738104050609 0.227539773489784 0.225327579293983 0.223102278695907 0.220864631020487 0.218615397119679 0.21635533881078 0.214085218318845 0.211805797723812 0.209517838412837 0.207222100538445 0.204919342482992 0.202610320329968 0.200295787342661 0.197976493450641 0.195653184744581 0.193326602979827 0.190997485089188 0.188666562705375 0.18633456169347 0.184002201693825 0.181670195675791 0.179339249502569 0.177010061507584 0.174683322082647 0.172359713278217 0.170039908416059 0.167724571714517 0.165414357926678 0 0 0 0 0 0 0 0 0 0 0 0 0 0 0 0 0 0 0 0 0 0 0 0 0 0
0.243623277303321 0.241516557247201 0.23939137249979 0.237248459997296 0.235088562232088 0.232912426675179 0.230720805198574 0.22851445349809 0.226294130517325 0.224060597873357 0.221814619284828 0.219556960002998 0.217288386246375 0.215009664639502 0.212721561656499 0.210424843069878 0.208120273405241 0.205808615402341 0.203490629483069 0.201167073226862 0.198838700854009 0.196506262717368 0.194170504802918 0.191832168239601 0.18949198881891 0.187150696524577 0.1848090150728 0.18246766146336 0.180127345541981 0.177788769574284 0.175452627831627 0.173119606189148 0.170790381736288 0.168465622400031 0 0 0 0 0 0 0 0 0 0 0 0 0 0 0 0 0 0 0 0 0 0 0 0 0 0 0
0.244636227191219 0.242522363115203 0.240389902291281 0.238239585854984 0.23607216052986 0.233888378046049 0.231688994558757 0.229474770067224 0.227246467834878 0.225004853811257 0.222750696056344 0.220484764167937 0.218207828712628 0.215920660660997 0.213624030827609 0.211318709316361 0.209005464971749 0.20668506483659 0.204358273616713 0.20202585315316 0.199688561902353 0.197347154424748 0.195002380882397 0.192654986545901 0.190305711311163 0.187955289226353 0.185604448029479 0.183253908696952 0.180904385003474 0.178556583093613 0.176211201065364 0.173868928565995 0.171530446400477 0.169196426152726 0 0 0 0 0 0 0 0 0 0 0 0 0 0 0 0 0 0 0 0 0 0 0 0 0 0 0
0.245633607013725 0.243512741223776 0.241373148143161 0.239215573057175 0.237040766870295 0.234849485520898 0.232642489395889 0.230420542745869 0.228184413101503 0.225934870691709 0.223672687864291 0.22139863850966 0.219113497488198 0.21681804006191 0.214513041330916 0.212199275675359 0.209877516203302 0.207548534205127 0.205213098614995 0.202871975479866 0.200525927436572 0.198175713197444 0.195822087044934 0.193465798335703 0.191107591014591 0.188748203138892 0.186388366413309 0.184028805736002 0.181670238756044 0.179313375442654 0.17695891766651 0.17460755879344 0.172259983290792 0.169916866346705 0 0 0 0 0 0 0 0 0 0 0 0 0 0 0 0 0 0 0 0 0 0 0 0 0 0 0
0.246615225226065 0.244487502140594 0.242340922764117 0.240176236481018 0.237994198325336 0.235795568391661 0.233581111245968 0.231351595337008 0.229107792408948 0.226850476915859 0.224580425438697 0.222298416105399 0.2200052280147 0.217701640664259 0.215388433383706 0.213066384773146 0.210736272147724 0.208398870988756 0.206054954401981 0.203705292583457 0.201350652293572 0.198991796339688 0.196629483067867 0.194264465864125 0.191897492665671 0.189529305482518 0.187160639929872 0.184792224771698 0.182424781475775 0.180059023780635 0.177695657274657 0.175335378987645 0.172978876995166 0.170626830035893 0 0 0 0 0 0 0 0 0 0 0 0 0 0 0 0 0 0 0 0 0 0 0 0 0 0 0
0.247580894750598 0.245446460885633 0.243293043299813 0.241121395424829 0.238932276371802 0.236726450338391 0.234504686015873 0.232267755996814 0.230016436184008 0.227751505201313 0.225473743807013 0.223183934310353 0.220882859991827 0.218571304527839 0.216250051420335 0.213919883431956 0.211581582027307 0.209235926820862 0.20688369503206 0.204525660948107 0.202162595394971 0.199795265217093 0.197424432766243 0.195050855399995 0.192675284990264 0.190298467442303 0.18792114222456 0.185544041909798 0.1831678917278 0.180793409130035 0.178421303366587 0.17605227507564 0.173687015885835 0.171326208031709 0 0 0 0 0 0 0 0 0 0 0 0 0 0 0 0 0 0 0 0 0 0 0 0 0 0 0
0.248530433079114 0.246389437032811 0.244229331433866 0.242050873708395 0.239854826991004 0.237641959528163 0.23541304408157 0.233168857332137 0.230910179285281 0.228637792678144 0.226352482389388 0.224055034852201 0.221746237471106 0.219426878043204 0.21709774418443 0.214759622761397 0.212413299329418 0.210059557577226 0.207699178778951 0.205332941253883 0.202961619834487 0.200585985343218 0.198206804078561 0.195824837310757 0.193440840787691 0.191055564251304 0.188669750964966 0.186284137252188 0.183899452047013 0.181516416456455 0.179135743335288 0.176758136873491 0.174384292196647 0.172014894979523 0 0 0 0 0 0 0 0 0 0 0 0 0 0 0 0 0 0 0 0 0 0 0 0 0 0 0
0.249463662373586 0.2473162548101 0.245149613487296 0.242964499771739 0.240761680766828 0.238541928712475 0.236306020384801 0.234054736496479 0.23178886109842 0.229509180983422 0.227216485092445 0.224911563924124 0.22259520894816 0.220268212023168 0.217931364819615 0.215585458248402 0.213231281895672 0.210869623464397 0.208501268223283 0.206126998463525 0.203747592963899 0.20136382646472 0.1989764691511 0.196586286145987 0.194194037013422 0.191800475272427 0.189406347921923 0.187012394977081 0.184619349017437 0.182227934747139 0.179838868567643 0.177452858163148 0.175070602099077 0.172692789433837 0 0 0 0 0 0 0 0 0 0 0 0 0 0 0 0 0 0 0 0 0 0 0 0 0 0 0
0.25038040956542 0.248226743198117 0.246053720516461 0.243862106772398 0.241652672982332 0.239426195323149 0.237183454528289 0.234925235284486 0.232652325629904 0.230365516354255 0.22806560040159 0.225753372276385 0.223429627453532 0.221095161792865 0.218750770958812 0.216397249845753 0.214035392009674 0.211665989106659 0.209289830338764 0.206907701907817 0.204520386477627 0.202128662645124 0.199733304420893 0.197335080719545 0.194934754860415 0.192533084078944 0.190130819049199 0.187728703417893 0.18532747335027 0.182927857088203 0.180530574520829 0.178136336768015 0.175745845776964 0.173359793932179 0.170978863679087 0 0 0 0 0 0 0 0 0 0 0 0 0 0 0 0 0 0 0 0 0 0 0 0 0 0
0.251280506453068 0.249120736027107 0.246941488409383 0.244743532681081 0.242527643714732 0.240294601566637 0.238045190869346 0.235780200224861 0.233500421599245 0.231206649719271 0.228899681471769 0.22658031530633 0.224249350641951 0.221907587278271 0.219555824811996 0.217194862059074 0.214825496483244 0.212448523631472 0.210064736576848 0.207674925369471 0.205279876495819 0.202880372347125 0.200477190697213 0.198071104190271 0.195662879839004 0.193253278533579 0.190843054561768 0.188432955140697 0.186023719960527 0.183616080740455 0.181210760797317 0.178808474627135 0.176409927499873 0.17401581506766 0.171626822986745 0 0 0 0 0 0 0 0 0 0 0 0 0 0 0 0 0 0 0 0 0 0 0 0 0 0
0.252163789797926 0.2499980720722 0.247812757980364 0.245608620375626 0.243386437928692 0.241146994516626 0.238891078611799 0.236619482671585 0.2343330025295 0.232032436788421 0.229718586216547 0.227392253146753 0.225054240879952 0.222705353093076 0.220346393252323 0.217978164032206 0.215601466741027 0.213217100753322 0.210825862949809 0.208428547165421 0.20602594364587 0.20361883851331 0.201208013241523 0.198794244141131 0.196378301855254 0.193960950866058 0.191542949012567 0.18912504702018 0.186707988042197 0.184292507213746 0.181879331218421 0.179469177867924 0.17706275569503 0.174660763560091 0.172263890271369 0 0 0 0 0 0 0 0 0 0 0 0 0 0 0 0 0 0 0 0 0 0 0 0 0 0
0.253030101418528 0.250858595146971 0.248667375062902 0.246457217733269 0.244228905567926 0.241983226204978 0.239720971896243 0.237442938893486 0.235149926836141 0.232842738141145 0.230522177395558 0.228189050752623 0.225844165331877 0.22348832862395 0.221122347900657 0.218747029630981 0.216363178903522 0.213971598855984 0.211573090112246 0.209168450227561 0.206758473142384 0.204343948645354 0.201925661845885 0.19950439265685 0.197080915287806 0.194655997749171 0.192230401367764 0.189804880314124 0.187380181141919 0.184957042339859 0.182536193896389 0.180118356877478 0.177704243017827 0.175294554325695 0.172889982701651 0.170491209571427 0 0 0 0 0 0 0 0 0 0 0 0 0 0 0 0 0 0 0 0 0 0 0 0 0
0.253879288282935 0.251702154195212 0.249505190600824 0.247289177721125 0.245054901645029 0.242803153710893 0.240534729888531 0.238250430162046 0.235951057914175 0.233637419312788 0.23131032270022 0.228970577986077 0.226618996044158 0.224256388114099 0.22188356520839 0.219501337525309 0.217110513868414 0.214711901073118 0.212306303440918 0.209894522181827 0.207477354865497 0.205055594881576 0.202630030909746 0.20020144639993 0.197770619063121 0.195338320373242 0.192905315080453 0.190472360736311 0.188040207231122 0.185609596343862 0.183181261304973 0.180755926372352 0.17833430642082 0.175917106545328 0.173505021678153 0.171098736220297 0 0 0 0 0 0 0 0 0 0 0 0 0 0 0 0 0 0 0 0 0 0 0 0 0
0.25471120259922 0.252528603380788 0.25032606073752 0.248104358484787 0.245864286329428 0.243606639248198 0.241332216866399 0.239041822837351 0.236736264223409 0.234416350879182 0.232082894837614 0.229736709699606 0.227378610027776 0.225009410745018 0.222629926538471 0.220240971269478 0.217843357390153 0.215437895367097 0.213025393112838 0.21060665542554 0.208182483437471 0.205753674072779 0.203321019515028 0.200885306684975 0.198447316729047 0.196007824518929 0.193567598162683 0.191127398527799 0.188687978776523 0.186250083913834 0.183814450348393 0.181381805466752 0.178952867221152 0.176528343731125 0.174108932899183 0.171695322040799 0 0 0 0 0 0 0 0 0 0 0 0 0 0 0 0 0 0 0 0 0 0 0 0 0
0.255525701904101 0.253337802175664 0.251129846903335 0.248902623435088 0.246656925033496 0.244393550250816 0.242113302304277 0.239816988452235 0.237505419371923 0.235179408539428 0.232839771612588 0.230487325817456 0.228122889338974 0.225747280716479 0.223361318244688 0.220965819380718 0.218561600157788 0.216149474606123 0.213730254181656 0.211304747203057 0.208873758297601 0.206438087856413 0.203998531499542 0.201555879551361 0.199110916526735 0.196664420628389 0.194217163255878 0.191769908526578 0.189323412809028 0.18687842426902 0.184435682428723 0.181995917739176 0.179559851166436 0.177128193791629 0.174701646425167 0.172280899235346 0 0 0 0 0 0 0 0 0 0 0 0 0 0 0 0 0 0 0 0 0 0 0 0 0
0.256322649149522 0.254129615445878 0.251916415900942 0.24968384133284 0.247432688496664 0.245163759456237 0.242877860956105 0.24057580379444 0.238258402197559 0.235926473196725 0.233580836007892 0.231222311415084 0.228851721158016 0.22646988732461 0.224077631749037 0.221675775415862 0.219265137870917 0.216846536639458 0.214420786652165 0.211988699679551 0.209551083775277 0.20710874272891 0.204662475528592 0.202213075834103 0.199761331460774 0.197308023874675 0.194853927699488 0.192399810235479 0.189946430990905 0.187494541226249 0.185044883511577 0.182598191297344 0.180155188498944 0.177716589095239 0.175283096741355 0.172855404395931 0 0 0 0 0 0 0 0 0 0 0 0 0 0 0 0 0 0 0 0 0 0 0 0 0
0.257101912787258 0.254903913535541 0.252685639988721 0.250447886371606 0.248191452867566 0.245917144987022 0.243625772936202 0.241318150986834 0.238995096847493 0.236657431037267 0.234305976262419 0.231941556796719 0.229564997866068 0.227177125038077 0.224778763617219 0.222370738046146 0.219953871313791 0.217528984370821 0.215096895552993 0.212658420012993 0.210214369161241 0.207765550116223 0.205312765164792 0.202856811232951 0.200398479367557 0.197938554229376 0.195477813597903 0.193017027888367 0.19055695968124 0.18809836326467 0.18564198419011 0.183188558841479 0.180738814018155 0.178293466532031 0.175853222818919 0.173418778564491 0 0 0 0 0 0 0 0 0 0 0 0 0 0 0 0 0 0 0 0 0 0 0 0 0
0.257863366851417 0.255660572348758 0.253437396962083 0.251194638258409 0.248933099784127 0.246653590430274 0.2443569237981 0.242043917565605 0.239715392855768 0.237372173607132 0.235015085947429 0.23264495757092 0.230262617120085 0.227868893572304 0.225464615632176 0.223050611130062 0.220627706427471 0.218196725829854 0.215758491007374 0.21331382042422 0.210863528776962 0.208408426442492 0.205949318936025 0.203487006379641 0.201022282981825 0.198555936528447 0.196088747885572 0.193621490514537 0.191154929999624 0.188689823588722 0.186226919747273 0.183766957725841 0.181310667141582 0.178858767573868 0.176411968174345 0.173970967291602 0.171536452110688 0 0 0 0 0 0 0 0 0 0 0 0 0 0 0 0 0 0 0 0 0 0 0 0
0.258606891038768 0.256399473429362 0.254171570232614 0.251923982292278 0.249657516451504 0.247372984914957 0.245071204611241 0.24275299655633 0.240419185218739 0.238070597887077 0.235708064040693 0.233332414724075 0.230944481925651 0.228545097961639 0.226135094865587 0.223715303784181 0.221286554379978 0.218849674241593 0.216405488301932 0.213954818265037 0.211498482042037 0.209037293196758 0.206572060401466 0.204103586903216 0.20163267000129 0.199160100536137 0.196686662390225 0.194213132001246 0.191740277887984 0.189268860189259 0.186799630216242 0.184333330018461 0.1818706919638 0.179412438332736 0.176959280927078 0.174511920693417 0.172071047361498 0 0 0 0 0 0 0 0 0 0 0 0 0 0 0 0 0 0 0 0 0 0 0 0
0.259332370786907 0.25712050403851 0.254888048905086 0.25263580944066 0.2503645957179 0.248075223187108 0.245768512035571 0.243445286547947 0.241106374468413 0.238752606365253 0.236384814998574 0.234003834691823 0.231610500707751 0.229205648629488 0.226790113747345 0.224364730451967 0.221930331634441 0.219487748093942 0.217037807953485 0.214581336084342 0.212119153539651 0.209652076997743 0.207180918215675 0.204706483493445 0.20222957314937 0.199750981007034 0.197271493894244 0.19479189115439 0.19231294417057 0.189835415902862 0.18736006043904 0.184887622559077 0.182418837313707 0.179954429617314 0.177495113855407 0.175041593506879 0.172594560781275 0 0 0 0 0 0 0 0 0 0 0 0 0 0 0 0 0 0 0 0 0 0 0 0
0.260039697350176 0.257823557230031 0.255586727852224 0.253330016413618 0.251054236148164 0.248760205682833 0.246448748393944 0.244120691764547 0.241776866743624 0.239418107107751 0.237045248825945 0.234659129428353 0.232260587379438 0.229850461456323 0.227429590132926 0.224998810970495 0.222558960015162 0.220110871203092 0.217655375773804 0.215193301692228 0.21272547308001 0.210252709656615 0.207775826190703 0.205295631962257 0.202812930235952 0.200328517746169 0.197843184194085 0.19535771175726 0.192872874612049 0.190389438469252 0.187908160123286 0.185429787015213 0.182955056809925 0.180484696987719 0.178019424450548 0.175559945143137 0.173106953689179 0 0 0 0 0 0 0 0 0 0 0 0 0 0 0 0 0 0 0 0 0 0 0 0
0.260728767873237 0.258508531923446 0.256267507787168 0.254006505735706 0.251726342095093 0.249427838599031 0.247111821742237 0.244779122134896 0.242430573858951 0.240067013826914 0.237689281143885 0.235298216473476 0.232894661408273 0.230479457845506 0.228053447368573 0.225617470635006 0.223172366771535 0.220718972776788 0.21825812293224 0.215790648221961 0.213317375761671 0.210839128237672 0.208356723356119 0.205870973303116 0.20338268421612 0.200892655667076 0.198401680157695 0.195910542627303 0.193420019973605 0.190930880586746 0.188443883896991 0.185959779936327 0.183479308914305 0.181003200808353 0.178532174968843 0.176066939739099 0.173608192090571 0.17115661727335 0 0 0 0 0 0 0 0 0 0 0 0 0 0 0 0 0 0 0 0 0 0 0
0.261399485462344 0.259175332974683 0.256930295333629 0.254665185815565 0.252380823768457 0.250078033961833 0.247757645937221 0.245420493359709 0.243067413371402 0.240699245947419 0.238316833255158 0.235921019017495 0.23351264788059 0.231092564786936 0.228661614354324 0.226220640261308 0.223770484639817 0.221311987475479 0.218845986016242 0.216373314189867 0.213894802030795 0.211411275116959 0.208923554016994 0.206432453748365 0.203938783246854 0.201443344847864 0.198946933779934 0.196450337670909 0.193954336067088 0.191459699965763 0.188967191361434 0.186477562806045 0.183991556983524 0.181509906298872 0.179033332482093 0.176562546207139 0.174098246726092 0.171641121518777 0 0 0 0 0 0 0 0 0 0 0 0 0 0 0 0 0 0 0 0 0 0 0
0.262051759254201 0.259823871244404 0.257575003093661 0.255305971013148 0.25301759730166 0.250710709692706 0.248386140702078 0.246044726976598 0.243687308644774 0.241314728670057 0.238927832207399 0.236527465963797 0.234114477563485 0.231689714918432 0.229254025604797 0.226808256245951 0.224353251902698 0.221889855471272 0.219418907089689 0.216941243553046 0.214457697738244 0.211969098038738 0.209476267809749 0.206980024824456 0.204481180741642 0.201980540585199 0.199478902235944 0.196977055936149 0.194475783807135 0.191975859380319 0.189478047142034 0.18698310209242 0.184491769318724 0.182004783583205 0.179522868925971 0.177046738282892 0.174577093118849 0.172114623076469 0.169660005640498 0 0 0 0 0 0 0 0 0 0 0 0 0 0 0 0 0 0 0 0 0 0
0.262685504482348 0.260454063663851 0.258201549712983 0.255928781704489 0.253636584815964 0.251325789672113 0.248997231689519 0.246651750422619 0.244290188911634 0.241913393033131 0.239522210853939 0.237117491989094 0.234700086964474 0.232270846584804 0.229830621307661 0.227380260624105 0.224920612446575 0.222452522504603 0.219976833748972 0.21749438576485 0.215006014194453 0.212512550169766 0.21001481975582 0.207513643405009 0.205009835422926 0.202504203446146 0.199997547932376 0.197490661663406 0.194984329261189 0.192479326717455 0.189976420937169 0.187476369296145 0.184979919213128 0.182487807736578 0.180000761146438 0.177519494571084 0.175044711619652 0.172577104029956 0.170117351332101 0.167666120527969 0 0 0 0 0 0 0 0 0 0 0 0 0 0 0 0 0 0 0 0 0
0.263300642541078 0.261065833298252 0.258809859943849 0.256533544344048 0.254237714482293 0.251923203800782 0.249590850542489 0.247241497094429 0.244875989332915 0.242495175971496 0.240099907912277 0.237691037601326 0.235269418388821 0.232835903894605 0.23039134737981 0.227936601125157 0.225472515816567 0.222999939938679 0.220519719176834 0.21803269582814 0.215539708222095 0.21304159015136 0.210539170313145 0.2080332717617 0.205524711372408 0.203014299317885 0.200502838556524 0.197991124333912 0.195479943697452 0.192970075024588 0.190462287564953 0.187957340996746 0.18545598499765 0.182958958830532 0.180466990944197 0.177980798589399 0.175501087450308 0.173028551291636 0.170563871621536 0 0.165660744585938 0.163223596143751 0 0 0 0 0 0 0 0 0 0 0 0 0 0 0 0 0 0 0
