supmat2_scripts_points_rasters/rasters/biasfile_chordo.asc
NCOLS 360 
NROWS 480 
XLLCORNER 119.5 
YLLCORNER 21.5 
CELLSIZE 0.00833333333333333 
NODATA_value -9999 
[rows 216 to 242 of 480, columns 61 to 121 of 360]
0 0 0 0 0 0 0 0 0 0 0 0 0 0 0 0 0 0 0 0 0.164700964293069 0.165281838040085 0.165877902591278 0.166489378904229 0.167116472387768 0.167759372548193 0.168418252649085 0.169093269385165 0.169784562570654 0.170492254842578 0.171216451379435 0.171957239635658 0.17271468909226 0.173488851024046 0.174279758283785 0.175087425103672 0.175911846914442 0.176753000182448 0.177610842265012 0.178485311284344 0.179376326020291 0.180283785822169 0.181207570539923 0.182147540474806 0.183103536349787 0.18407537929985 0.185062870882336 0.186065793107462 0.187083908489108 0.188116960115974 0.189164671743152 0.190226747904162 0.19130287404346 0.192392716669403 0.193495923527655 0.194612123794951 0.195740928293158 0.196881929723515 0.198034702920916 0.199198805128096 0.200373776289516
0 0 0 0 0 0 0 0 0 0 0 0 0 0 0 0 0 0 0 0.163092200749689 0.163651726350301 0.164226207320145 0.164815880335951 0.165420966938439 0.166041673166971 0.166678189207281 0.167330689052761 0.167999330179769 0.168684253237392 0.16938558175212 0.170103421847843 0.170837861981593 0.171588972695426 0.172356806384818 0.173141397083968 0.173942760268339 0.174760892674786 0.175595772139594 0.17644735745472 0.177315588242541 0.178200384849357 0.179101648257921 0.180019260019201 0.180953082203602 0.181902957371839 0.182868708565609 0.183850139318238 0.184847033685411 0.185859156296085 0.186886252423692 0.18792804807766 0.188984250115308 0.190054546374125 0.191138605824406 0.192236078742238 0.193346596902752 0.194469773793563 0.195605204848301 0.196752467700089 0.197911122454808 0.199080711983984
0 0 0 0 0 0 0 0 0 0 0 0 0 0 0 0 0 0 0.161511822040601 0.162050226176604 0.16260333373809 0.163171396658634 0.163754652158871 0.164353322370114 0.16496761397055 0.165597717834488 0.166243808695138 0.166906044821362 0.167584567708862 0.168279501786227 0.168990954136264 0.169719014233028 0.170463753694946 0.1712252260544 0.172003466544167 0.172798491901037 0.173610300186962 0.17443887062805 0.175284163471704 0.17614611986219 0.177024661734902 0.17791969172957 0.178831093122639 0.179758729779021 0.180702446123421 0.181662067131385 0.182637398340234 0.183628225880001 0.184634316524465 0.185655417762377 0.186691257888925 0.187741546117473 0.188805972711595 0.189884209137373 0.190975908235937 0.192080704416191 0.193198213867616 0.194328034793072 0.195469747661443 0.196622915479971 0.197787084086112
0 0 0 0 0 0 0 0 0 0 0 0 0 0 0 0 0 0 0.160477344621394 0.161009308620468 0.161555974833445 0.162117595698733 0.16269440898771 0.163286637429934 0.16389448835089 0.164518153322772 0.165157807828754 0.165813610941209 0.166485705014312 0.16717421539148 0.167879250128037 0.168600899729544 0.169339236906159 0.170094316343424 0.170866174489836 0.171654829361547 0.172460280364536 0.173282508134563 0.17412147439519 0.174977121834189 0.175849373998549 0.17673813520837 0.177643290489846 0.178564705527547 0.17950222663619 0.180455680752055 0.181424875444203 0.182409598945602 0.183409620204277 0.184424688954548 0.185454535808422 0.186498872367172 0.187557391353099 0.188629766761483 0.189715654032667 0.190814690244225 0.191926494323124 0.193050667277766 0.194186792449788 0.195334435785439 0.196493146126385
0 0 0 0 0 0 0 0 0 0 0 0 0 0 0 0 0 0.158933061604971 0.159444130957186 0.159969633442486 0.160509836245449 0.161064992315576 0.161635339982039 0.162221102580483 0.162822488092346 0.163439688797174 0.164072880938401 0.164722224403033 0.165387862415693 0.166069921247439 0.166768509939787 0.167483720044331 0.168215625378359 0.168964281796833 0.169729726981102 0.170511980244687 0.171311042356474 0.172126895381621 0.172959502540481 0.173808808085823 0.174674737198595 0.175557195902497 0.176456070997563 0.177371230012962 0.178302521179217 0.179249773419978 0.180212796363508 0.181191380374003 0.182185296602834 0.183194297059794 0.184218114704403 0.185256463557308 0.186309038831771 0.187375517085244 0.188455556390984 0.189548796529659 0.190654859200828 0.191773348254226 0.19290384994068 0.194045933182522 0.195199149863312
0 0 0 0 0 0 0 0 0 0 0 0 0 0 0 0 0 0.157907772624949 0.158412363350412 0.15893138417434 0.159465102753045 0.160013772553604 0.160577632470238 0.161156906452713 0.161751803147243 0.162362515550352 0.162989220676163 0.163632079237569 0.164291235341707 0.164966816200181 0.165658931854434 0.166367674916669 0.167093120326724 0.16783532512525 0.168594328243567 0.169370150310533 0.17016279347676 0.170972241256481 0.171798458387363 0.172641390708544 0.173500965057153 0.174377089183551 0.175269651685508 0.17617852196153 0.1771035501835 0.178044567288812 0.17900138499212 0.179973795816829 0.180961573146432 0.181964471295746 0.182982225602126 0.184014552536662 0.185061149835386 0.186121696650453 0.18719585372128 0.188283263565552 0.189383550690023 0.190496321821013 0.191621166154425 0.192757655625175 0.1939053451958
0 0 0 0 0 0 0 0 0 0 0 0 0 0 0 0 0 0.156884128380386 0.157382222214187 0.157894742457304 0.158421957243741 0.158964120564848 0.159521471887347 0.160094235783345 0.160682621572823 0.161286822979057 0.161907017797428 0.162543367578077 0.163196017322825 0.163865095196804 0.164550712255176 0.165252962185374 0.165971921065226 0.166707647137338 0.167460180600099 0.168229543415632 0.169015739135036 0.169818752741205 0.170638550509538 0.171475079886791 0.172328269388342 0.1731980285141 0.17408424768328 0.174986798188234 0.175905532167525 0.176840282598402 0.177790863308804 0.178757069009026 0.179738675343121 0.180735438960129 0.181747097605176 0.182773370230466 0.183813957126184 0.184868540071278 0.185936782504085 0.187018329712746 0.188112809045298 0.189219830139357 0.190338985171234 0.191469849124337 0.192611980076673
0 0 0 0 0 0 0 0 0 0 0 0 0 0 0 0 0.155384866002773 0.155862306126653 0.156353886012666 0.156859887982213 0.157380580653167 0.157916218548064 0.158467041713771 0.159033275353134 0.159615129469059 0.160212798521491 0.160826461097764 0.161456279596743 0.162102399927195 0.162764951220831 0.163444045560384 0.164139777723168 0.164852224940456 0.165581446673076 0.166327484403553 0.167090361445159 0.167870082768166 0.168666634843635 0.169479985505001 0.17031008382775 0.171156860027421 0.172020225376187 0.172900072138208 0.173796273523974 0.1747086836638 0.175637137600629 0.176581451302296 0.177541421693341 0.178516826706481 0.179507425353816 0.180512957817797 0.181533145562005 0.182567691461731 0.183616279954344 0.1846785772094 0.185754231318431 0.186842872504321 0.187944113350157 0.189057549047416 0.190182757663333 0.191319300427259
0 0 0 0 0 0 0 0 0 0 0 0 0 0 0 0 0.154371565398118 0.154842481113358 0.155327531202326 0.155826998430346 0.15634115190556 0.156870246688801 0.157414523414924 0.157974207926084 0.158549510917421 0.159140627595615 0.159747737350768 0.160371003442048 0.161010572697519 0.16166657522859 0.162339124159468 0.163028315372026 0.163734227266451 0.164456920538039 0.165196437970498 0.165952804246073 0.166726025772831 0.167516090529401 0.168322967927444 0.16914660869215 0.169986944760975 0.17084388920088 0.171717336144272 0.172607160743839 0.173513219146464 0.174435348486359 0.175373366897557 0.176327073545885 0.177296248680488 0.178280653704988 0.179280031268331 0.180294105375322 0.18132258151688 0.182365146819967 0.183421470217169 0.184491202635848 0.185573977206771 0.186669409492124 0.187777097732744 0.188896623114433 0.190027550053154
0 0 0 0 0 0 0 0 0 0 0 0 0 0 0 0 0.153360449258429 0.153824826527011 0.154303332174252 0.154796249415326 0.15530384785526 0.155826383100498 0.156364096381907 0.156917214189689 0.157485947920686 0.158070493538506 0.158671031246959 0.159287725177194 0.159920723089 0.160570156086671 0.16123613834983 0.161918766879616 0.162618121260596 0.163334263438776 0.164067237516046 0.164817069561397 0.165583767439228 0.166367320655039 0.167167700218791 0.167984858526204 0.168818729258237 0.169669227298979 0.17053624867217 0.171419670496526 0.172319350960061 0.173235129313542 0.17416682588321 0.175114242102891 0.176077160565567 0.177055345094486 0.178048540833857 0.179056474359142 0.180078853806965 0.181115369024597 0.18216569173898 0.183229475745231 0.184306357114516 0.185395954421191 0.186497868989077 0.187611685156688 0.188736970561252
0 0 0 0 0 0 0 0 0 0 0 0 0 0 0 0 0.152351687466545 0.152809513434598 0.15328146119734 0.153767814425943 0.154268843229144 0.154784803766511 0.155315937873122 0.155862472696134 0.156424620343699 0.157002577546685 0.157596525333651 0.158206628719506 0.15883303640827 0.159475880510364 0.160135276274809 0.160811321836732 0.161504097980553 0.162213667919197 0.1629400770897 0.163683352965507 0.164443504885804 0.165220523902162 0.166014382642779 0.166825035194588 0.167652417003464 0.168496444792772 0.169357016500455 0.170234011234846 0.171127289249392 0.172036691936417 0.172962041840071 0.173903142688563 0.174859779445771 0.175831718382289 0.176818707165962 0.177820474971921 0.178836732612132 0.179867172684416 0.180911469740914 0.181969280475915 0.183040243932956 0.18412398173109 0.185220098310162 0.18632818119495 0.18744780127798
0 0 0 0 0 0 0 0 0 0 0 0 0 0 0 0 0.151345447733413 0.151796710728173 0.152262088362522 0.152741864770002 0.153236310570091 0.15374568248318 0.154270222956938 0.154810159804537 0.155365705855194 0.155937058617486 0.15652439995588 0.157127895780906 0.157747695753394 0.158383933003186 0.159036723862713 0.159706167615831 0.16039234626227 0.161095324298068 0.161815148512316 0.162551847800556 0.163305432995124 0.164075896712749 0.164863213219676 0.165667338314574 0.166488209229476 0.167325744548968 0.168179844147844 0.169050389147402 0.169937241890554 0.170840245935897 0.171759226070877 0.172693988344135 0.173644320117147 0.174609990135193 0.175590748617725 0.176586327368129 0.177596439902898 0.178620781600178 0.179659029867654 0.180710844329687 0.181775867033632 0.182853722675196 0.183944018842714 0.185046346280177 0.18616027916882
0 0 0 0 0 0 0 0 0 0 0 0 0 0 0 0 0 0.150786585070516 0.151245381528066 0.151718569519255 0.152206420181531 0.152709190803996 0.153227124455453 0.153760449624306 0.154309379870726 0.154874113491571 0.155454833198472 0.156051705809529 0.156664881955022 0.157294495797556 0.157940664767016 0.158603489310728 0.159283052659187 0.159979420607693 0.16069264131426 0.161422745114088 0.162169744350933 0.162933633225657 0.163714387662218 0.164511965191392 0.165326304852421 0.166157327112857 0.167004933806771 0.167869008091517 0.168749414423238 0.169645998551228 0.170558587531292 0.171486989758219 0.172430995017418 0.173390374555814 0.174364881172029 0.175354249325855 0.176358195267049 0.177376417183382 0.17840859536793 0.179454392405514 0.180513453378201 0.181585406089755 0.182669861308883 0.183766413031132 0.184874638759236
0 0 0 0 0 0 0 0 0 0 0 0 0 0 0 0 0.149341194104839 0.149779300841808 0.150231506265901 0.150698095455362 0.151179340073039 0.151675497984803 0.152186812889308 0.152713513959548 0.153255815496671 0.153813916596498 0.15438800082918 0.154978235932411 0.155584773518624 0.156207748796569 0.156847280307647 0.157503469677406 0.158176401382532 0.158866142533712 0.159572742674678 0.16029623359778 0.161036629176364 0.161793925214271 0.162568099312704 0.163359110754741 0.164166900407708 0.164991390643656 0.16583248527812 0.166690069527359 0.16756400998423 0.168454154612845 0.169360332762124 0.170282355198362 0.171220014156877 0.172173083412805 0.173141318371088 0.174124456175648 0.175122215837782 0.176134298383708 0.177160387021242 0.178200147325523 0.179253227443689 0.180319258318393 0.181397853930013 0.182488611557387 0.183591112056908
0 0 0 0 0 0 0 0 0 0 0 0 0 0 0 0 0.148343504291058 0.148775020087393 0.149220625809026 0.149680607016948 0.150155235907018 0.150644770930117 0.151149456423614 0.1516695222546 0.152205183475346 0.152756639991429 0.153324076242962 0.153907660899332 0.154507546567883 0.155123869516925 0.155756749413459 0.156406289075993 0.157072574242821 0.157755673356084 0.158455637361978 0.1591724995274 0.159906275273353 0.16065696202538 0.161424539081307 0.162208967496546 0.163010189987184 0.163828130851089 0.16466269590722 0.165513772453322 0.166381229242174 0.167264916476523 0.168164665822826 0.169080290443904 0.170011585050586 0.170958325972392 0.171920271247318 0.172897160730702 0.173888716223197 0.174894641617806 0.17591462306593 0.176948329162362 0.17799541114912 0.179055503138014 0.180128222351795 0.181213169383723 0.182309928475379
0 0 0 0 0 0 0 0 0 0 0 0 0 0 0 0 0.147348984596698 0.147773902466694 0.148212901000097 0.148666266247835 0.149134270946578 0.149617174140625 0.150115220815079 0.150628641540767 0.15115765213135 0.151702453313057 0.152263230407489 0.152840153027893 0.15343337478933 0.154043033033116 0.15466924856594 0.155312125414014 0.155971750592612 0.156648193891362 0.157341507675588 0.158051726704053 0.158778867963365 0.159522930519362 0.160283895385719 0.161061725410037 0.161856365177646 0.162667740933333 0.163495760521192 0.164340313342778 0.165201270333712 0.166078483958888 0.166971788226392 0.167880998720238 0.168805912651988 0.169746308931328 0.170701948255621 0.171672573218461 0.172657908437215 0.173657660699522 0.174671519128708 0.175699155368023 0.176740223783625 0.177794361686177 0.178861189570917 0.179940311376044 0.181031314759221
0 0 0 0 0 0 0 0 0 0 0 0 0 0 0 0 0.146357791084518 0.146776105203233 0.147208490241101 0.147655232746381 0.148116606004524 0.148592869661814 0.149084269360258 0.14959103638419 0.150113387319039 0.150651523722677 0.151205631809802 0.151775882149749 0.15236242937814 0.152965411922774 0.153584951744123 0.154221154090819 0.15487410727047 0.155543882436157 0.156230533388934 0.15693409639664 0.157654590029332 0.158392015011596 0.15914635409202 0.159917571930074 0.160705615000607 0.161510411516202 0.162331871367561 0.1631698860821 0.164024328800912 0.164895054274238 0.165781898875552 0.166684680634368 0.167603199287831 0.168537236351166 0.169486555207 0.170450901213576 0.171430001831863 0.172423566771501 0.173431288155566 0.174452840704043 0.175487881935934 0.176536052389877 0.177596975863119 0.178670259668693 0.179755494910615
0 0 0 0 0 0 0 0 0 0 0 0 0 0 0 0 0.145370077337594 0.145781783035804 0.146207549444217 0.146647663615995 0.147102399393519 0.147572017033783 0.148056762845004 0.14855686883492 0.149072552371212 0.14960401585448 0.150151446404202 0.150715015558079 0.151294878985183 0.151891176213283 0.152504030370733 0.153133547943286 0.153779818546191 0.154442914711894 0.155122891693693 0.155819787285627 0.156533621658912 0.157264397215195 0.158012098456884 0.158776691874803 0.159558125853398 0.160356330593697 0.161171218054227 0.162002681910045 0.162850597530056 0.163714821972729 0.164595194000348 0.165491534111872 0.166403644594496 0.167331309593956 0.168274295203605 0.169232349572288 0.170205203030989 0.171192568238226 0.172194140344134 0.173209597173175 0.174238599425349 0.17528079089581 0.176335798712739 0.177403233593292 0.178482690117457
0 0 0 0 0 0 0 0 0 0 0 0 0 0 0 0 0.144385994412054 0.1447910881709 0.145210231983915 0.145643713416917 0.146091806877532 0.146554773242337 0.147032859495201 0.14752629837728 0.148035308049099 0.148560091765152 0.149100837561443 0.149657717956375 0.150230889665386 0.150820493329719 0.151426653259696 0.152049477192871 0.152689056067394 0.153345463810926 0.15401875714544 0.154708975408184 0.155416140389124 0.156140256185135 0.156881309071177 0.157639267388734 0.158414081451706 0.159205683469982 0.16001398749088 0.160838889358605 0.161680266691909 0.162537978880053 0.163411867097206 0.164301754335359 0.165207445455837 0.166128727259445 0.167065368575302 0.16801712036835 0.168983715865532 0.169964870700619 0.170960283077609 0.17196963395264 0.172992587234302 0.174028790002237 0.175077872743883 0.176139449609182 0.177213118683088
0 0 0 0 0 0 0 0 0 0 0 0 0 0 0 0 0 0.143804170236269 0.144216688650202 0.14464353411914 0.145084981624425 0.145541292671235 0.146012714928664 0.146499481881411 0.147001812493531 0.147519910884658 0.148053966019134 0.14860415140844 0.149170624827322 0.149753528044005 0.150352986564862 0.15096910939389 0.151601988807353 0.152251700143905 0.152918301610533 0.153601834104595 0.154302321052269 0.155019768263666 0.155754163804863 0.156505477887107 0.157273662773401 0.158058652702675 0.15886036383174 0.159678694195174 0.160513523683311 0.161364714038443 0.162232108869356 0.163115533684289 0.164014795942382 0.164929685123666 0.165859972817627 0.166805412830342 0.167765741310185 0.16874067689206 0.169729920860105 0.170733157328801 0.171750053442359 0.172780259592298 0.173823409653036 0.174879121235349 0.175946995957507
0 0 0 0 0 0 0 0 0 0 0 0 0 0 0 0 0 0.142821176235796 0.1432270676032 0.143647275056671 0.144082074159889 0.144531727055793 0.144996482108394 0.14547657355617 0.145972221177477 0.146483629968412 0.147010989833522 0.147554475289776 0.148114245184192 0.148690442425492 0.149283193730156 0.149892609383237 0.150518783014268 0.151161791388597 0.151821694214469 0.152498533966139 0.153192335723318 0.153903107027207 0.154630837753385 0.155375500001772 0.156137048003895 0.156915418047663 0.157710528419821 0.158522279366261 0.159350553070329 0.160195213649255 0.161056107168825 0.161933061676369 0.16282588725214 0.163734376079129 0.164658302531356 0.165597423280619 0.166551477421711 0.167520186616047 0.168503255253668 0.169500370633517 0.170511203161901 0.171535406569019 0.172572618143393 0.173622458984059 0.174684534270309
0 0 0 0 0 0 0 0 0 0 0 0 0 0 0 0 0 0.141842250505589 0.142241514328936 0.142655082883014 0.143083232322615 0.143526225437728 0.143984311297091 0.144457724903293 0.144946686859853 0.145451403050716 0.145972064332548 0.146508846240257 0.147061908706107 0.147631395792824 0.148217435441036 0.148820139231414 0.149439602161856 0.150075902440027 0.150729101291572 0.151399242784308 0.152086353668656 0.152790443234606 0.153511503185435 0.154249507528438 0.155004412482872 0.15577615640531 0.15656465973261 0.157369824942625 0.15819153653283 0.159029661016975 0.159884046939871 0.16075452491041 0.161640907652854 0.162542990076476 0.163460549363558 0.16439334507574 0.165341119278741 0.16630359668537 0.167280484816801 0.168271474182023 0.169276238475346 0.17029443479187 0.171325703860744 0.172369670296062 0.17342594286521
0 0 0 0 0 0 0 0 0 0 0 0 0 0.139433936925552 0.139772422517071 0.140123968484947 0.140488901055367 0.140867534671354 0.141260171596422 0.141667101527954 0.142088601220763 0.142524934121307 0.142976350012971 0.143443084672879 0.143925359540654 0.144423381399534 0.144937342070266 0.145467418118166 0.146013770573733 0.146576544667192 0.147155869577326 0.147751858194948 0.148364606901347 0.148994195362036 0.149640686336101 0.150304125501455 0.150984541296267 0.151681944776838 0.15239632949216 0.153127671375396 0.1538759286525 0.154641041768156 0.155422933329232 0.1562215080659 0.15703665281057 0.15786823649475 0.158716110163953 0.159580107010718 0.16046004242582 0.161355714067711 0.162266901950216 0.163193368548484 0.164134858923182 0.165091100862885 0.166061805044615 0.167046665212438 0.168045358374011 0.169057545014973 0.170082869331014 0.17112095947747 0.172171427836242
0 0 0 0 0 0 0 0 0 0 0 0 0 0.13848993927825 0.13882185307183 0.139166813263056 0.139525146477469 0.139897167607127 0.140283179416107 0.140683472155709 0.141098323189819 0.141527996630893 0.141972742986988 0.142432798820282 0.142908386417507 0.143399713472697 0.143906972782678 0.144430341955666 0.144969983133381 0.145526042727031 0.146098651167527 0.146687922670289 0.147293955014953 0.147916829340323 0.148556609954851 0.149213344162953 0.149887062107427 0.150577776628241 0.151285483137918 0.152010159513775 0.1527517660072 0.153510245170168 0.154285521799188 0.155077502896811 0.155886077650866 0.156711117431525 0.157552475806308 0.158409988573116 0.159283473811331 0.160172731951059 0.161077545860511 0.161997680951538 0.162932885303293 0.163882889803987 0.164847408310672 0.165826137826981 0.166818758698694 0.16782493482704 0.168844313899564 0.169876527638394 0.170921192065734
0 0 0 0 0 0 0 0 0 0 0 0 0 0.137550411327196 0.137875757653979 0.138214136033341 0.138565873497486 0.138931285395282 0.139310674999608 0.139704333124385 0.140112537751745 0.140535553669793 0.140973632121376 0.141427010464324 0.14189591184355 0.142380544875438 0.142881103344919 0.143397765915619 0.143930695853459 0.14448004076409 0.145045932344487 0.145628486149083 0.146227801370739 0.146843960636893 0.147477029821174 0.148127057870769 0.148794076649833 0.149478100799173 0.150179127612473 0.150897136929266 0.151632091044869 0.152383934637478 0.153152594712587 0.153937980564887 0.154739983757789 0.155558478120689 0.156393319764064 0.157244347112498 0.158111380955674 0.158994224517399 0.159892663542667 0.160806466402754 0.161735384218353 0.162679151000669 0.163637483810444 0.164610082934813 0.165596632081891 0.166596798592963 0.16761023367213 0.168636572633248 0.169675435163962
0 0 0 0 0 0 0 0 0 0 0 0 0 0 0.136934266251484 0 0 0 0.138342792720805 0.138729819946785 0.139131381575512 0.139547743080488 0.139979156449568 0.140425859846903 0.14088807728672 0.141366018319344 0.141859877729869 0.142369835249841 0.142896055282361 0.143438686640951 0.143997862302541 0.144573699174916 0.145166297878959 0.145775742545984 0.146402100630481 0.147045422738539 0.147705742472232 0.148383076290205 0.149077423384721 0.14978876557537 0.150517067219659 0.151262275140665 0.152024318571931 0.152803109119739 0.153598540742926 0.154410489750324 0.155238814815948 0.156083357012 0.15694393985975 0.157820369398326 0.158712434271445 0.159619905832074 0.160542538265003 0.16148006872728 0.162432217506463 0.163398688196585 0.164379167891732 0.165373327397124 0.16638082145752 0.167401289002806 0.168434353410568
0 0 0 0 0 0 0 0 0 0 0 0 0 0 0 0 0 0.137013505669529 0.137379664078359 0.13776006525266 0.138154988439061 0.138564699806315 0.13898945209758 0.139429484294066 0.139885021290502 0.140356273582785 0.140843436968241 0.141346692258854 0.141866205007862 0.142402125250059 0.142954587256164 0.143523709301588 0.144109593449939 0.144712325351542 0.145331974057309 0.145968591848212 0.146622214080639 0.147292859047886 0.147980527858009 0.148685204328271 0.149406854896376 0.15014542854868 0.150900856765548 0.151673053484004 0.152461915077817 0.153267320355122 0.154089130573682 0.154927189473867 0.155781323329402 0.156651341015926 0.157537034097377 0.158438176930194 0.159354526785335 0.160285823988032 0.161231792075255 0.162192137970772 0.163166552177718 0.164154708988533 0.165156266712125 0.166170867918096 0.16719813969783
