supmat2_scripts_points_rasters/rasters/chordo2p25lqpt.asc
NCOLS 360 
NROWS 480 
XLLCORNER 119.5 
YLLCORNER 21.5 
CELLSIZE 0.00833333333333333 
NODATA_value -9999 
[rows 300 to 324 of 480, columns 55 to 109 of 360]
-9999 -9999 -9999 -9999 -9999 -9999 -9999 -9999 -9999 -9999 -9999 -9999 -9999 -9999 -9999 -9999 -9999 -9999 -9999 -9999 -9999 -9999 0.688078880310059 -9999 0.694129824638367 0.709692478179932 0.737469971179962 0.759914815425873 0.773888885974884 0.786154448986053 0.779098927974701 0.774810791015625 0.786358058452606 0.796480298042297 0.795183598995209 0.790266215801239 0.789216279983521 0.783032655715942 0.776333510875702 0.770972609519958 0.767304658889771 0.768223404884338 0.77540796995163 0.781932711601257 0.771006166934967 0.765758574008942 0.77054089307785 0.776862323284149 0.781391084194183 0.777045011520386 0.785012483596802 0.786689817905426 0.790393948554993 0.802897751331329 0.788735270500183
-9999 -9999 -9999 -9999 -9999 -9999 -9999 -9999 -9999 -9999 -9999 -9999 -9999 -9999 -9999 -9999 -9999 -9999 -9999 -9999 -9999 -9999 -9999 -9999 0.699929773807526 0.715672612190247 0.730138540267944 0.739545404911041 0.766551375389099 0.784055531024933 0.780920088291168 0.780158400535583 0.7912957072258 0.798542976379395 0.792353570461273 0.788916289806366 0.786510229110718 0.778790235519409 0.77511864900589 0.770362555980682 0.76561176776886 0.769140958786011 0.777226448059082 0.785211145877838 0.769781291484833 0.771703958511353 0.771921694278717 0.775889992713928 0.772881269454956 0.775487542152405 0.777460873126984 0.78747946023941 0.788844645023346 0.806524157524109 0.790482878684998
-9999 -9999 -9999 -9999 -9999 -9999 -9999 -9999 -9999 -9999 -9999 -9999 -9999 -9999 -9999 -9999 -9999 -9999 -9999 -9999 -9999 -9999 -9999 -9999 -9999 -9999 0.714955449104309 0.743803560733795 0.770229518413544 0.775433540344238 0.770534098148346 0.780766069889069 0.795158505439758 0.799718141555786 0.790409445762634 0.788464963436127 0.782737672328949 0.773612797260284 0.774192988872528 0.769734919071198 0.771420657634735 0.768392741680145 0.772829830646515 0.776939988136292 0.768247306346893 0.766371726989746 0.7683065533638 0.77154403924942 0.768211185932159 0.783912539482117 0.783137738704681 0.795772194862366 0.799376666545868 0.806399047374725 0.784931004047394
-9999 -9999 -9999 -9999 -9999 -9999 -9999 -9999 -9999 -9999 -9999 -9999 -9999 -9999 -9999 -9999 -9999 -9999 -9999 -9999 -9999 -9999 -9999 -9999 0.705209732055664 -9999 0.72214674949646 0.743655920028687 0.756191194057465 0.754763066768646 0.762653291225433 0.783946812152863 0.795158505439758 0.795002162456512 0.786057233810425 0.786505997180939 0.783642113208771 0.777559518814087 0.776298642158508 0.776414096355438 0.77643895149231 0.770840704441071 0.769016087055206 0.775595545768738 0.768247306346893 0.767779469490051 0.766516923904419 0.771012604236603 0.773053824901581 0.774887979030609 0.781550109386444 0.785914957523346 0.788843810558319 0.804917395114899 0.794151782989502
-9999 -9999 -9999 -9999 -9999 -9999 -9999 -9999 -9999 -9999 -9999 -9999 -9999 -9999 -9999 -9999 -9999 -9999 -9999 -9999 -9999 -9999 -9999 -9999 -9999 0.706640779972076 0.715083360671997 0.737121164798737 0.749945461750031 0.746970415115356 0.766552984714508 0.78182464838028 0.785886824131012 0.786642968654633 0.778945922851562 0.782888531684875 0.782582938671112 0.778007686138153 0.775670826435089 0.777923107147217 0.781261026859283 0.78070867061615 0.78029590845108 0.788266539573669 0.786867320537567 0.782894670963287 0.777257561683655 0.776790022850037 0.780562579631805 0.77560955286026 0.77668309211731 0.786104083061218 0.794048011302948 0.790199995040894 0.794252097606659
-9999 -9999 -9999 -9999 -9999 -9999 -9999 -9999 -9999 -9999 -9999 -9999 -9999 -9999 -9999 -9999 -9999 -9999 -9999 -9999 -9999 -9999 -9999 -9999 -9999 -9999 0.714483618736267 0.735451877117157 0.750872492790222 0.757590174674988 0.770376682281494 0.77558046579361 0.776952803134918 0.772234380245209 0.770241796970367 0.775290846824646 0.77498596906662 0.771756589412689 0.768369197845459 0.765918672084808 0.772975862026215 0.776649236679077 0.776508927345276 0.785572826862335 0.787924110889435 0.788258910179138 0.784866750240326 0.777009248733521 0.780562579631805 0.782212793827057 0.781733810901642 0.79155296087265 0.789037048816681 0.776020109653473 0.797415435314178
-9999 -9999 -9999 -9999 -9999 -9999 -9999 -9999 -9999 -9999 -9999 -9999 -9999 -9999 -9999 -9999 -9999 -9999 -9999 -9999 -9999 -9999 -9999 -9999 -9999 -9999 0.72247838973999 0.729769647121429 0.737581610679626 0.751511096954346 0.756037473678589 0.760690569877625 0.757430195808411 0.755700409412384 0.760371029376984 0.767479538917542 0.768862843513489 0.763933062553406 0.759448528289795 0.757280588150024 0.762698650360107 0.763930857181549 0.767780184745789 0.770703792572021 0.773449540138245 0.775086641311646 0.774104416370392 0.766892671585083 0.768647253513336 0.77560955286026 0.783027648925781 0.7853062748909 0.773694097995758 0.771894454956055 0.793771147727966
-9999 -9999 -9999 -9999 -9999 -9999 -9999 -9999 -9999 -9999 -9999 -9999 -9999 -9999 -9999 -9999 -9999 -9999 -9999 -9999 -9999 -9999 -9999 -9999 -9999 -9999 0.724419593811035 0.734212100505829 0.741783976554871 0.739806592464447 0.74506539106369 0.746325552463531 0.748509407043457 0.752125442028046 0.759136319160461 0.762231767177582 0.763626217842102 0.759140968322754 0.755416810512543 0.758673369884491 0.763312101364136 0.765778303146362 0.770235776901245 0.768245160579681 0.764861285686493 0.767472624778748 0.764677464962006 0.765393972396851 0.766251564025879 0.774464190006256 0.78002268075943 0.773993611335754 0.764484584331512 0.774292945861816 0.793192803859711
-9999 -9999 -9999 -9999 -9999 -9999 -9999 -9999 -9999 -9999 -9999 -9999 -9999 -9999 -9999 -9999 -9999 -9999 -9999 -9999 -9999 -9999 -9999 -9999 -9999 -9999 0.727193772792816 0.735494256019592 0.737414538860321 0.737324655056 0.737086296081543 0.742026686668396 0.748526751995087 0.752588152885437 0.760377764701843 0.760380923748016 0.75820404291153 0.757900178432465 0.759914696216583 0.762082576751709 0.76578414440155 0.769928157329559 0.769928157329559 0.763303279876709 0.760832130908966 0.762237191200256 0.758053064346313 0.76522821187973 0.769121646881104 0.766520917415619 0.771404623985291 0.759016990661621 0.756081700325012 0.774473547935486 0.78735888004303
-9999 -9999 -9999 -9999 -9999 -9999 -9999 -9999 -9999 -9999 -9999 -9999 -9999 -9999 -9999 -9999 -9999 -9999 -9999 -9999 -9999 -9999 -9999 -9999 -9999 -9999 0.721441209316254 0.729258894920349 0.734478056430817 0.73594856262207 0.739238202571869 0.746912837028503 0.751797139644623 0.755088686943054 0.755721390247345 0.755561649799347 0.754464209079742 0.756348431110382 0.758521854877472 0.75898689031601 0.763002514839172 0.765000939369202 0.767153799533844 0.761408865451813 0.75768655538559 0.756024539470673 0.758829534053802 0.766615867614746 0.766282856464386 0.761527895927429 0.755369782447815 0.760412633419037 0.767349243164062 0.770676136016846 0.779490947723389
-9999 -9999 -9999 -9999 -9999 -9999 -9999 -9999 -9999 -9999 -9999 -9999 -9999 -9999 -9999 -9999 -9999 -9999 -9999 -9999 -9999 -9999 -9999 -9999 -9999 -9999 0.705779910087585 0.716058611869812 0.724549174308777 0.734156966209412 0.746149837970734 0.750154733657837 0.743897318840027 0.742487251758575 0.743634521961212 0.747732520103455 0.754614114761353 0.753857493400574 0.75229686498642 0.753538012504578 0.754926443099976 0.757081389427185 0.762506783008575 0.757324039936066 0.753444612026215 0.756473541259766 0.757899105548859 0.760517120361328 0.762801051139832 0.754939794540405 0.766520917415619 0.765912294387817 0.769514262676239 0.766691207885742 0.763198733329773
-9999 -9999 -9999 -9999 -9999 -9999 -9999 -9999 -9999 -9999 -9999 -9999 -9999 -9999 -9999 -9999 -9999 -9999 -9999 -9999 -9999 -9999 -9999 -9999 -9999 -9999 0.697926759719849 0.698168516159058 0.706071376800537 0.725453197956085 0.741835653781891 0.749277234077454 0.747770845890045 0.740584313869476 0.739980578422546 0.744602024555206 0.749285757541656 0.746970474720001 0.740981042385101 0.743171989917755 0.745018661022186 0.747201919555664 0.752501428127289 0.748822450637817 0.747454583644867 0.753179550170898 0.754786312580109 0.757743299007416 0.756502985954285 0.752301931381226 0.770767390727997 0.767868757247925 0.76469349861145 0.758454620838165 0.761667788028717
-9999 -9999 -9999 -9999 -9999 -9999 -9999 -9999 -9999 -9999 -9999 -9999 -9999 -9999 -9999 -9999 -9999 -9999 -9999 -9999 -9999 -9999 -9999 -9999 -9999 -9999 -9999 0.694315969944 0.686209499835968 0.691834092140198 0.706223607063293 0.711791276931763 0.732418537139893 0.740232110023499 0.738566994667053 0.732870399951935 0.73613029718399 0.734607040882111 0.734781861305237 0.740664780139923 0.74506539106369 0.75037544965744 0.750326812267303 0.747417509555817 0.74755597114563 0.750011801719666 0.750856161117554 0.749782204627991 0.750899255275726 0.763863563537598 0.765367269515991 0.760937452316284 0.75291782617569 0.761693775653839 0.770807564258575
-9999 -9999 -9999 -9999 -9999 -9999 -9999 -9999 -9999 -9999 -9999 -9999 -9999 -9999 -9999 -9999 -9999 -9999 -9999 -9999 -9999 -9999 -9999 -9999 -9999 -9999 -9999 0.677932024002075 0.679809629917145 0.683893978595734 0.686982572078705 0.695464551448822 0.71693217754364 0.732981324195862 0.737787544727325 0.736544489860535 0.740297794342041 0.7382772564888 0.741464853286743 0.74413800239563 0.749004721641541 0.751812338829041 0.755371630191803 0.761097371578217 0.764042019844055 0.760162472724915 0.753493070602417 0.743780493736267 0.749480962753296 0.767226099967957 0.763250589370728 0.754779934883118 0.749496042728424 0.758329689502716 0.771372020244598
-9999 -9999 -9999 -9999 -9999 -9999 -9999 -9999 -9999 -9999 -9999 -9999 -9999 -9999 -9999 -9999 -9999 -9999 -9999 -9999 -9999 -9999 -9999 -9999 -9999 -9999 -9999 -9999 0.679253876209259 0.678928315639496 0.682459473609924 0.695691764354706 0.719987034797668 0.733622550964355 0.74270886182785 0.742412030696869 0.747880399227142 0.746010661125183 0.743655920028687 0.743507385253906 0.746027231216431 0.74821263551712 0.754137635231018 0.761427104473114 0.769918262958527 0.767462551593781 0.760060489177704 0.749303877353668 0.742856085300446 0.75526088476181 0.750432133674622 0.74871027469635 0.756328582763672 0.75985050201416 0.76077264547348
-9999 -9999 -9999 -9999 -9999 -9999 -9999 -9999 -9999 -9999 -9999 -9999 -9999 -9999 -9999 -9999 -9999 -9999 -9999 -9999 -9999 -9999 -9999 -9999 -9999 -9999 -9999 -9999 -9999 -9999 0.689399063587189 0.705329716205597 0.723312556743622 0.735223948955536 0.73651647567749 0.738448321819305 0.749914288520813 0.748047113418579 0.743634521961212 0.744286775588989 0.743507385253906 0.742560744285583 0.747397422790527 0.754242718219757 0.75982666015625 0.757374048233032 0.772941529750824 0.803317308425903 0.746027290821075 0.741274893283844 0.744782567024231 0.750588715076447 0.756460249423981 0.762112736701965 0.774940192699432
-9999 -9999 -9999 -9999 -9999 -9999 -9999 -9999 -9999 -9999 -9999 -9999 -9999 -9999 -9999 -9999 -9999 -9999 -9999 -9999 -9999 -9999 -9999 -9999 -9999 -9999 -9999 -9999 -9999 -9999 0.684992969036102 0.699511289596558 0.721239626407623 0.732152760028839 0.72995913028717 0.736544609069824 0.748948931694031 0.748634040355682 0.742804050445557 0.740008175373077 0.738566994667053 0.735847771167755 0.738535761833191 0.745097756385803 0.754499495029449 0.759100496768951 0.845654785633087 0.845957458019257 0.746040105819702 0.73990273475647 0.742577850818634 0.752757847309113 0.750117182731628 0.752286791801453 0.764998376369476
-9999 -9999 -9999 -9999 -9999 -9999 -9999 -9999 -9999 -9999 -9999 -9999 -9999 -9999 -9999 -9999 -9999 -9999 -9999 -9999 -9999 -9999 -9999 -9999 -9999 -9999 -9999 -9999 0.684063613414764 0.678923487663269 0.676610231399536 0.69347095489502 0.722014605998993 0.728232085704803 0.730098903179169 0.737179577350616 0.749868154525757 0.743865132331848 0.735313057899475 0.729917526245117 0.726892352104187 0.726250052452087 0.727534413337708 0.736548244953156 0.747376680374146 0.766707599163055 0.868945837020874 0.818321585655212 0.737984478473663 0.741796851158142 0.750117182731628 0.744176208972931 0.742606580257416 0.755040526390076 0.762861728668213
-9999 -9999 -9999 -9999 -9999 -9999 -9999 -9999 -9999 -9999 -9999 -9999 -9999 -9999 -9999 -9999 -9999 -9999 -9999 -9999 -9999 -9999 -9999 -9999 -9999 -9999 -9999 -9999 -9999 0.670652627944946 0.668875575065613 0.683232009410858 0.700092673301697 0.717461466789246 0.724183917045593 0.725192189216614 0.736685991287231 0.739057540893555 0.732846081256866 0.722602367401123 0.72033953666687 0.720531165599823 0.722711026668549 0.730834126472473 0.741197943687439 0.776578068733215 0.868687450885773 0.781929910182953 0.734810173511505 0.739917397499084 0.746837615966797 0.746995091438293 0.749327301979065 0.755205571651459 0.754422724246979
-9999 -9999 -9999 -9999 -9999 -9999 -9999 -9999 -9999 -9999 -9999 -9999 -9999 -9999 -9999 -9999 -9999 -9999 -9999 -9999 -9999 -9999 -9999 -9999 -9999 -9999 -9999 -9999 -9999 0.665132701396942 0.666114449501038 0.668088614940643 0.682778060436249 0.707443654537201 0.71716296672821 0.719027519226074 0.729390680789948 0.728160381317139 0.728215456008911 0.727705478668213 0.721895396709442 0.723893642425537 0.723355233669281 0.730143904685974 0.739736139774323 0.756161332130432 0.834635972976685 0.747462689876556 0.736589372158051 0.738502979278564 0.740404844284058 0.746837615966797 0.746512353420258 0.760580539703369 0.770977795124054
-9999 -9999 -9999 -9999 -9999 -9999 -9999 -9999 -9999 -9999 -9999 -9999 -9999 -9999 -9999 -9999 -9999 -9999 -9999 -9999 -9999 -9999 -9999 -9999 -9999 -9999 -9999 -9999 -9999 -9999 0.66490775346756 0.667756259441376 0.67802107334137 0.699876844882965 0.708767056465149 0.711773097515106 0.720470428466797 0.721309781074524 0.722411215305328 0.722218871116638 0.722865641117096 0.729230165481567 0.726892352104187 0.729414165019989 0.741287171840668 0.750154733657837 0.750080347061157 0.733189225196838 0.732408106327057 0.735973119735718 0.741663575172424 0.749788701534271 0.747759401798248 0.760380685329437 0.772484302520752
-9999 -9999 -9999 -9999 -9999 -9999 -9999 -9999 -9999 -9999 -9999 -9999 -9999 -9999 -9999 -9999 -9999 -9999 -9999 -9999 -9999 -9999 -9999 -9999 -9999 -9999 -9999 -9999 -9999 -9999 0.658498167991638 0.662231385707855 0.675921976566315 0.698120474815369 0.707502126693726 0.708980739116669 0.71761816740036 0.719560861587524 0.716969907283783 0.718202471733093 0.720146656036377 0.72982269525528 0.727213442325592 0.727855265140533 0.752751231193542 0.802657604217529 0.739631533622742 0.732694149017334 0.731594264507294 0.733268558979034 0.7381871342659 0.747920513153076 0.759461402893066 0.779130816459656 0.787624895572662
-9999 -9999 -9999 -9999 -9999 -9999 -9999 -9999 -9999 -9999 -9999 -9999 -9999 -9999 -9999 -9999 -9999 -9999 -9999 -9999 -9999 -9999 -9999 -9999 -9999 -9999 -9999 -9999 -9999 0.658166170120239 0.655177354812622 0.65757417678833 0.670929670333862 0.693596601486206 0.71199631690979 0.715470731258392 0.718515694141388 0.71961897611618 0.720721662044525 0.721956253051758 0.723057508468628 0.725639224052429 0.720910906791687 0.727075040340424 0.758981764316559 0.769752025604248 0.726810991764069 0.728635013103485 0.731913447380066 0.740232944488525 0.746985018253326 0.757173120975494 0.759904026985168 0.783282399177551 0.832421243190765
-9999 -9999 -9999 -9999 -9999 -9999 -9999 -9999 -9999 -9999 -9999 -9999 -9999 -9999 -9999 -9999 -9999 -9999 -9999 -9999 -9999 -9999 -9999 -9999 -9999 -9999 -9999 -9999 -9999 -9999 -9999 0.655909836292267 0.6648308634758 0.690173625946045 0.712118029594421 0.714631319046021 0.717088639736176 0.719752073287964 0.72472733259201 0.725236654281616 0.726337432861328 0.725505769252777 0.725100815296173 0.722574830055237 0.723570942878723 0.726294755935669 0.732286095619202 0.732573390007019 0.732197344303131 0.73639851808548 0.741026639938354 0.743705272674561 0.784870266914368 0.787146270275116 0.871852874755859
-9999 -9999 -9999 -9999 -9999 -9999 -9999 -9999 -9999 -9999 -9999 -9999 -9999 -9999 -9999 -9999 -9999 -9999 -9999 -9999 -9999 -9999 -9999 -9999 -9999 -9999 -9999 -9999 -9999 -9999 -9999 0.660134613513947 0.671058654785156 0.690953016281128 0.701091945171356 0.698616623878479 0.699849009513855 0.70943558216095 0.71883887052536 0.726659178733826 0.72472733259201 0.727893710136414 0.722981095314026 0.717411935329437 0.724026262760162 0.730488121509552 0.739282429218292 0.743723332881927 0.744266152381897 0.740981101989746 0.735955595970154 0.753349959850311 0.803135097026825 0.817177295684814 0.832890570163727
