supmat2_scripts_points_rasters/rasters/chordo2p25lqpt.asc
NCOLS 360 
NROWS 480 
XLLCORNER 119.5 
YLLCORNER 21.5 
CELLSIZE 0.00833333333333333 
NODATA_value -9999 
[rows 300 to 324 of 480, columns 165 to 219 of 360]
0.315600752830505 0.316898763179779 0.313749939203262 0.310822457075119 0.309651255607605 0.306658715009689 0.305090218782425 0.303627848625183 0.298906087875366 0.296632766723633 0.291423052549362 0.277583658695221 0.285336285829544 0.300784409046173 0.310540854930878 0.317608267068863 0.324146240949631 0.312180191278458 0.450963169336319 0.558270037174225 0.578768491744995 0.596224367618561 0.536203265190125 0.388685613870621 0.33637210726738 0.342750996351242 0.381158292293549 0.544748663902283 0.583008706569672 0.652582585811615 0.675021648406982 0.687560498714447 0.697165966033936 0.700032949447632 0.703774929046631 0.701309740543365 0.69965398311615 0.690177261829376 0.688820421695709 0.686687827110291 0.672801434993744 0.666117310523987 0.682435929775238 0.684934198856354 0.679723858833313 0.674324691295624 0.668303847312927 0.667020499706268 0.66423887014389 0.662452220916748 0.665124475955963 0.662239789962769 0.657532572746277 0.607393801212311 -9999
0.323039621114731 0.330204427242279 0.323006331920624 0.320122629404068 0.313342392444611 0.311045467853546 0.309850096702576 0.305392056703568 0.303935885429382 0.301830768585205 0.295124173164368 0.290888369083405 0.291140854358673 0.29087969660759 0.288004279136658 0.309223264455795 0.326075226068497 0.32274928689003 0.331160932779312 0.531920373439789 0.487938940525055 0.579140722751617 0.612241983413696 0.5719034075737 0.451217114925385 0.446987181901932 0.455293744802475 0.56489109992981 0.571627199649811 0.649381697177887 0.673451900482178 0.692563772201538 0.696075975894928 0.701444327831268 0.70001882314682 0.69935554265976 0.696026086807251 0.691707015037537 0.688105285167694 0.68677431344986 0.681308209896088 0.669995307922363 0.685589671134949 0.682077765464783 0.676710665225983 0.669708907604218 0.665889501571655 0.666555047035217 0.668619930744171 0.670813381671906 0.664632380008698 0.658458471298218 0.609165191650391 -9999 -9999
0.334743618965149 0.34519550204277 0.332041382789612 0.32600075006485 0.320821613073349 0.31610980629921 0.313685566186905 0.307565242052078 0.304609507322311 0.304724395275116 0.299675196409225 0.300623923540115 0.300445228815079 0.301905781030655 0.28711673617363 0.298313498497009 0.325923383235931 0.317177683115005 0.412931531667709 0.507237374782562 0.417302906513214 0.489324122667313 0.591474592685699 0.631820023059845 0.619600474834442 0.588397085666656 0.596957325935364 0.643470287322998 0.648200333118439 0.657219886779785 0.684665560722351 0.692864060401917 0.699097156524658 0.700365245342255 0.699899792671204 0.696508705615997 0.696194529533386 0.691619277000427 0.687898516654968 0.685560345649719 0.685130000114441 0.675494074821472 0.682849764823914 0.676895439624786 0.669073402881622 0.666862607002258 0.664466619491577 0.675131380558014 0.668432235717773 0.663338899612427 0.66680783033371 0.656967282295227 0.606153666973114 -9999 -9999
0.357354044914246 0.358489364385605 0.339316785335541 0.332831919193268 0.333531379699707 0.320210367441177 0.317220479249954 0.310426980257034 0.308327287435532 0.306419402360916 0.298071503639221 0.301151663064957 0.300590962171555 0.30361619591713 0.294556856155396 0.303363531827927 0.326059341430664 0.330466091632843 0.319691777229309 0.390153408050537 0.341659337282181 0.360102951526642 0.465621441602707 0.576364517211914 0.649318754673004 0.660424113273621 0.664930582046509 0.668764710426331 0.671445190906525 0.677728712558746 0.688758492469788 0.696346282958984 0.698158442974091 0.700050294399261 0.69911789894104 0.691806375980377 0.688482224941254 0.69026380777359 0.683949410915375 0.682774007320404 0.681356191635132 0.685282349586487 0.679461181163788 0.671178698539734 0.666242897510529 0.667355179786682 0.676646411418915 0.653746843338013 0.673267364501953 0.671420156955719 0.664644837379456 0.656155645847321 -9999 -9999 -9999
0.367379784584045 0.398366957902908 0.353034138679504 0.348985999822617 0.347718775272369 0.324758589267731 0.3203364610672 0.314201265573502 0.31173050403595 0.310320109128952 0.304612159729004 0.306897729635239 0.303757697343826 0.307590216398239 0.307722419500351 0.317012697458267 0.329174399375916 0.333553373813629 0.330485850572586 0.334850877523422 0.342026591300964 0.346092998981476 0.370430171489716 0.546214818954468 0.624596834182739 0.631602883338928 0.651930510997772 0.664482414722443 0.675942480564117 0.684131503105164 0.6911261677742 0.695835113525391 0.702853322029114 0.701075434684753 0.695791244506836 0.687824428081512 0.684211313724518 0.682715535163879 0.68457293510437 0.686381042003632 0.672393143177032 0.679252862930298 0.680379748344421 0.673482954502106 0.670321702957153 0.67795866727829 0.643599033355713 0.65194845199585 0.67322051525116 0.664964318275452 0.655438780784607 -9999 -9999 -9999 -9999
0.364835560321808 0.386712670326233 0.41879278421402 0.421420961618423 0.358591586351395 0.330732613801956 0.32770511507988 0.319589138031006 0.315769106149673 0.31430184841156 0.308117777109146 0.308656126260757 0.305928975343704 0.310666561126709 0.314474791288376 0.325830906629562 0.327522754669189 0.327305674552917 0.332780480384827 0.352264851331711 0.360789328813553 0.354428976774216 0.361251950263977 0.412169873714447 0.572175264358521 0.543103754520416 0.568844079971313 0.624108970165253 0.662195444107056 0.686177849769592 0.693092167377472 0.698158442974091 0.702337980270386 0.699702441692352 0.694683790206909 0.687827110290527 0.688077569007874 0.690425336360931 0.690672278404236 0.680639624595642 0.681593000888824 0.683825552463531 0.680286049842834 0.675898313522339 0.677611529827118 0.652246832847595 0.669039845466614 0.6763836145401 0.672883749008179 0.656349360942841 -9999 -9999 -9999 -9999 -9999
0.381196677684784 0.430081874132156 0.41752102971077 0.419981598854065 0.434913247823715 0.368998348712921 0.341909825801849 0.324951887130737 0.322772443294525 0.316652566194534 0.309622436761856 0.307863563299179 0.312384247779846 0.315928518772125 0.326664090156555 0.331291288137436 0.334930807352066 0.334514170885086 0.341298818588257 0.356830239295959 0.35274001955986 0.387428373098373 0.365310102701187 0.387635916471481 0.480978757143021 0.524529755115509 0.611138820648193 0.629303693771362 0.66394567489624 0.6893270611763 0.694106638431549 0.699160754680634 0.699321329593658 0.698631584644318 0.696911454200745 0.692443251609802 0.696653425693512 0.699393570423126 0.691457152366638 0.681846082210541 0.683679163455963 0.680580139160156 0.679024338722229 0.675756216049194 0.671759247779846 0.656000018119812 0.672456979751587 0.675756216049194 0.655866503715515 -9999 -9999 -9999 -9999 -9999 -9999
0.409400701522827 0.454414844512939 0.463168084621429 0.406824201345444 0.485189914703369 0.40389209985733 0.340075761079788 0.332322806119919 0.327955096960068 0.323755353689194 0.318643599748611 0.31913360953331 0.318965494632721 0.319553762674332 0.325909972190857 0.330952048301697 0.337061643600464 0.339630335569382 0.345606923103333 0.353807657957077 0.420528173446655 0.505441904067993 0.419762372970581 0.482818216085434 0.570111393928528 0.591329991817474 0.611015379428864 0.667154490947723 0.685728192329407 0.692831695079803 0.698041617870331 0.701038837432861 0.697657406330109 0.697559952735901 0.695497572422028 0.691178143024445 0.705046117305756 0.697855293750763 0.687515199184418 0.686600208282471 0.682668447494507 0.680269062519073 0.680899620056152 0.672290623188019 0.670247316360474 0.663512289524078 0.677317798137665 0.660049319267273 -9999 -9999 -9999 -9999 -9999 -9999 -9999
0.413540810346603 0.423482328653336 0.451361864805222 0.467169046401978 0.452335029840469 0.486933410167694 0.404698133468628 0.346505433320999 0.336210906505585 0.331569641828537 0.326244622468948 0.323729604482651 0.323507755994797 0.329293102025986 0.332342863082886 0.375376284122467 0.435620933771133 0.391252428293228 0.354254424571991 0.35953077673912 0.457622498273849 0.589815080165863 0.548702001571655 0.582212150096893 0.628152012825012 0.639514207839966 0.612119495868683 0.648172497749329 0.688973069190979 0.695707201957703 0.703901648521423 0.701351702213287 0.694018483161926 0.692939221858978 0.702894270420074 0.707249641418457 0.705294549465179 0.694782435894012 0.694509148597717 0.686355888843536 0.68273937702179 0.682388424873352 0.650671362876892 0.644937038421631 0.665156960487366 0.679649233818054 0.657530188560486 0.649969220161438 -9999 -9999 -9999 -9999 -9999 -9999 -9999
0.386230498552322 0.403434962034225 0.371326446533203 0.380879253149033 0.394151329994202 0.456975370645523 0.498042017221451 0.41113355755806 0.346728473901749 0.339932054281235 0.335754960775375 0.334354072809219 0.333465367555618 0.339124828577042 0.342703729867935 0.375243455171585 0.51050078868866 0.534404575824738 0.493483990430832 0.377451181411743 0.491632431745529 0.619849145412445 0.627313554286957 0.643495500087738 0.662967681884766 0.669195413589478 0.667129278182983 0.67736291885376 0.698401749134064 0.705694377422333 0.7071892619133 0.694826900959015 0.687977254390717 0.694365382194519 0.703197240829468 0.706168174743652 0.704398036003113 0.688208103179932 0.691266000270844 0.681354403495789 0.658502042293549 0.655654013156891 0.639793753623962 0.68739128112793 0.683045327663422 0.660574436187744 0.64984130859375 0.6461421251297 -9999 -9999 -9999 -9999 -9999 -9999 -9999
0.359626680612564 0.374647587537766 0.362356007099152 0.365132302045822 0.370022624731064 0.519851505756378 0.530847668647766 0.400895774364471 0.354598939418793 0.353242039680481 0.348198652267456 0.346130341291428 0.341979801654816 0.349932461977005 0.372860223054886 0.534555912017822 0.572300672531128 0.539224743843079 0.447967857122421 0.430338829755783 0.572202920913696 0.598918676376343 0.640807390213013 0.670022428035736 0.678810954093933 0.681408405303955 0.690613925457001 0.697834074497223 0.699382424354553 0.706784665584564 0.701475441455841 0.689739286899567 0.685718297958374 0.698800623416901 0.705730497837067 0.707472860813141 0.698623836040497 0.681914687156677 0.677783608436584 0.659738838672638 0.653123199939728 0.684717237949371 0.668931484222412 0.685276865959167 0.665108025074005 0.656975865364075 0.648309588432312 -9999 -9999 -9999 -9999 -9999 -9999 -9999 -9999
0.348416417837143 0.359473556280136 0.356433033943176 0.359153896570206 0.364743918180466 0.416599065065384 0.593034684658051 0.458214521408081 0.386769026517868 0.373494505882263 0.384135365486145 0.415828585624695 0.356695085763931 0.364176541566849 0.386556506156921 0.489284873008728 0.605506837368011 0.611114680767059 0.554264903068542 0.460316956043243 0.61050409078598 0.655378341674805 0.676121652126312 0.683727025985718 0.684558987617493 0.688834249973297 0.693710386753082 0.700162887573242 0.7066610455513 0.707419514656067 0.705758392810822 0.69469290971756 0.688103854656219 0.701140463352203 0.707715630531311 0.708788275718689 0.696918666362762 0.658695578575134 0.645887970924377 0.619688272476196 0.657524049282074 0.688855946063995 0.682485938072205 0.669750690460205 0.658643126487732 0.650146424770355 -9999 -9999 -9999 -9999 -9999 -9999 -9999 -9999 -9999
0.338080793619156 0.351441353559494 0.353467792272568 0.362124979496002 0.375817030668259 0.492164015769958 0.631631433963776 0.478221088647842 0.515052556991577 0.401867032051086 0.516331791877747 0.510806739330292 0.374725133180618 0.389466404914856 0.494670122861862 0.572460293769836 0.626928806304932 0.604984819889069 0.491641312837601 0.43964746594429 0.593189477920532 0.660060405731201 0.690631985664368 0.685335040092468 0.69803375005722 0.697090327739716 0.69659286737442 0.701352298259735 0.70177298784256 0.705595314502716 0.703894793987274 0.69725501537323 0.69114887714386 0.704090297222137 0.714706420898438 0.710572779178619 0.680243611335754 0.597467184066772 0.656930983066559 0.6667839884758 0.686614871025085 0.681289970874786 0.662874817848206 0.659797132015228 0.651903629302979 0.647191047668457 -9999 -9999 -9999 -9999 -9999 -9999 -9999 -9999 -9999
0.337661564350128 0.350478112697601 0.352460831403732 0.358145147562027 0.373482048511505 0.501150667667389 0.631113350391388 0.613933444023132 0.638642370700836 0.545797348022461 0.625261664390564 0.581486165523529 0.456660002470016 0.418135344982147 0.543922066688538 0.635087430477142 0.641302943229675 0.597342312335968 0.56563413143158 0.531630575656891 0.642076194286346 0.681517601013184 0.69853401184082 0.700274765491486 0.706392049789429 0.718040347099304 0.710942625999451 0.705527424812317 0.701553404331207 0.700767457485199 0.697720110416412 0.694344937801361 0.69239604473114 0.713851094245911 0.721131563186646 0.706282556056976 0.638992726802826 0.671529471874237 0.687824010848999 0.676520764827728 0.667869091033936 0.659215688705444 0.652724862098694 0.647329092025757 0.647948682308197 -9999 -9999 -9999 -9999 -9999 -9999 -9999 -9999 -9999 -9999
0.348213016986847 0.359635651111603 0.357835501432419 0.363805413246155 0.372147798538208 0.389100402593613 0.460559159517288 0.571476697921753 0.634926795959473 0.641368269920349 0.647125720977783 0.596528708934784 0.581281781196594 0.528830051422119 0.58554619550705 0.648971498012543 0.645586431026459 0.611966848373413 0.642984449863434 0.636925995349884 0.668029308319092 0.696573257446289 0.701261043548584 0.67864865064621 0.678543388843536 0.709346354007721 0.723958730697632 0.72137051820755 0.72740513086319 0.713698923587799 0.715083539485931 0.709696352481842 0.693228840827942 0.704790353775024 0.722449421882629 0.697964668273926 0.682917654514313 0.704044818878174 0.689673662185669 0.663783967494965 0.656445622444153 0.649192035198212 0.646385133266449 0.643123507499695 -9999 -9999 -9999 -9999 -9999 -9999 -9999 -9999 -9999 -9999 -9999
0.36126509308815 0.374298989772797 0.37381786108017 0.374426007270813 0.386154651641846 0.402642160654068 0.410705149173737 0.448585987091064 0.539333343505859 0.648345291614532 0.656021416187286 0.643501877784729 0.641923666000366 0.604133129119873 0.628645122051239 0.649457335472107 0.665387809276581 0.661356270313263 0.673420190811157 0.684373676776886 0.690995991230011 0.693249583244324 0.693424880504608 0.668868124485016 0.683364272117615 0.716023504734039 0.717664241790771 0.723259150981903 0.728603184223175 0.725865542888641 0.724543035030365 0.716214179992676 0.687799036502838 0.695967674255371 0.72280365228653 0.704809308052063 0.71046108007431 0.701450705528259 0.675191283226013 0.649303197860718 0.645250201225281 0.640618681907654 0.640790104866028 -9999 -9999 -9999 -9999 -9999 -9999 -9999 -9999 -9999 -9999 -9999 -9999
0.368371427059174 0.399248003959656 0.411239326000214 0.390624970197678 0.394007235765457 0.446364283561707 0.63721239566803 0.671823740005493 0.660436153411865 0.656780064105988 0.65621542930603 0.67120224237442 0.668729960918427 0.663913369178772 0.666529655456543 0.66563493013382 0.668424725532532 0.657903373241425 0.66093385219574 0.680531978607178 0.664619565010071 0.668835580348969 0.676505386829376 0.677286028862 0.708431899547577 0.715483844280243 0.71039092540741 0.725923240184784 0.726042449474335 0.719221472740173 0.704717934131622 0.681312322616577 0.673601984977722 0.695624589920044 0.717664182186127 0.710083305835724 0.69701224565506 0.685807168483734 0.650976836681366 0.62617015838623 -9999 -9999 -9999 -9999 -9999 -9999 -9999 -9999 -9999 -9999 -9999 -9999 -9999 -9999 -9999
0.385361582040787 0.434807419776917 0.457518577575684 0.472839772701263 0.491553753614426 0.592199981212616 0.672663509845734 0.644474446773529 0.664000868797302 0.653924405574799 0.649290382862091 0.653885185718536 0.650113582611084 0.637299835681915 0.655588924884796 0.658621311187744 0.631722211837769 0.597582101821899 0.622491836547852 0.650608956813812 0.648213744163513 0.622430860996246 0.673501908779144 0.693081617355347 0.715228676795959 0.715646922588348 0.71727454662323 0.725046217441559 0.720648169517517 0.7121462225914 0.689259231090546 0.669702351093292 0.679109811782837 0.711952865123749 0.71469384431839 0.687092244625092 0.660159468650818 0.642751634120941 0.627699077129364 -9999 -9999 -9999 -9999 -9999 -9999 -9999 -9999 -9999 -9999 -9999 -9999 -9999 -9999 -9999 -9999
0.376017987728119 0.441274523735046 0.482497811317444 0.504721701145172 0.542251527309418 0.588574290275574 0.673296809196472 0.563484907150269 0.667923748493195 0.642213940620422 0.606338918209076 0.573807895183563 0.532578468322754 0.500887513160706 0.564649105072021 0.659168422222137 0.595761179924011 0.479423016309738 0.511435687541962 0.547443032264709 0.616776645183563 0.667022407054901 0.686371386051178 0.70736038684845 0.716351509094238 0.708543300628662 0.712721049785614 0.718914687633514 0.725844740867615 0.712338805198669 0.675817430019379 0.670677661895752 0.692761600017548 0.706277132034302 0.700660586357117 0.665822982788086 0.644053220748901 0.62977921962738 -9999 -9999 -9999 -9999 -9999 -9999 -9999 -9999 -9999 -9999 -9999 -9999 -9999 -9999 -9999 -9999 -9999
0.381566435098648 0.42122209072113 0.40012389421463 0.404993981122971 0.404828101396561 0.454142808914185 0.659300446510315 0.546126365661621 0.546121537685394 0.610661506652832 0.550561428070068 0.561504602432251 0.46562984585762 0.436886608600616 0.448154211044312 0.53184700012207 0.526346027851105 0.492319226264954 0.521787524223328 0.614961266517639 0.670628190040588 0.680520594120026 0.697565138339996 0.712764143943787 0.713796615600586 0.705858588218689 0.706729769706726 0.719010591506958 0.723209321498871 0.706072628498077 0.667100071907043 0.677290260791779 0.702073276042938 0.707249641418457 0.678872287273407 0.661307156085968 0.651939213275909 0.627483427524567 -9999 -9999 -9999 -9999 -9999 -9999 -9999 -9999 -9999 -9999 -9999 -9999 -9999 -9999 -9999 -9999 -9999
0.385195225477219 0.393539279699326 0.378158867359161 0.387302130460739 0.393957912921906 0.437212765216827 0.647011399269104 0.55802184343338 0.474696725606918 0.498467236757278 0.485311359167099 0.451604276895523 0.466947257518768 0.440755039453506 0.517920434474945 0.602289617061615 0.49198454618454 0.630151510238647 0.676025867462158 0.673990190029144 0.689671516418457 0.683727145195007 0.69866532087326 0.719213962554932 0.71700119972229 0.706157922744751 0.711716651916504 0.727794349193573 0.711092412471771 0.708750903606415 0.665656089782715 0.678905725479126 0.699529469013214 0.703279674053192 0.661465585231781 0.652640283107758 0.635114789009094 -9999 -9999 -9999 -9999 -9999 -9999 -9999 -9999 -9999 -9999 -9999 -9999 -9999 -9999 -9999 -9999 -9999 -9999
0.372740685939789 0.368246614933014 0.36734738945961 0.38213512301445 0.38599619269371 0.424558967351913 0.564246416091919 0.530551314353943 0.442430138587952 0.428214102983475 0.452028810977936 0.429607748985291 0.428296089172363 0.462212890386581 0.636828541755676 0.666435599327087 0.607687294483185 0.624336302280426 0.686501502990723 0.698377013206482 0.709981679916382 0.7030228972435 0.715839028358459 0.721336841583252 0.723037362098694 0.696651995182037 0.714035868644714 0.728326857089996 0.719399154186249 0.686967730522156 0.667215764522552 0.674987077713013 0.695924043655396 0.695354759693146 0.666368126869202 0.652119815349579 0.638919651508331 0.626156568527222 -9999 -9999 -9999 -9999 -9999 -9999 -9999 -9999 -9999 -9999 -9999 -9999 -9999 -9999 -9999 -9999 -9999
0.357750743627548 0.354168444871902 0.356390923261642 0.365398198366165 0.38433438539505 0.423030018806458 0.518660187721252 0.441479295492172 0.431780695915222 0.431598126888275 0.417630523443222 0.418507725000381 0.432744979858398 0.558552622795105 0.682353258132935 0.682524442672729 0.682683885097504 0.685311019420624 0.670845210552216 0.69254606962204 0.71056991815567 0.71989518404007 0.721872091293335 0.728011906147003 0.703462541103363 0.688785910606384 0.711092412471771 0.726856410503387 0.729626774787903 0.689145982265472 0.666929483413696 0.666965067386627 0.699899792671204 0.689420223236084 0.668269991874695 0.667229473590851 0.646059215068817 0.629778742790222 0.623270034790039 -9999 -9999 -9999 -9999 -9999 -9999 -9999 -9999 -9999 -9999 -9999 -9999 -9999 -9999 -9999 -9999
0.363823115825653 0.363359272480011 0.35277447104454 0.357241868972778 0.384086608886719 0.424456357955933 0.447362750768661 0.411572128534317 0.400800138711929 0.40933433175087 0.407139837741852 0.415357083082199 0.447587460279465 0.596383333206177 0.674500465393066 0.685604751110077 0.680867373943329 0.687635719776154 0.688322365283966 0.694619715213776 0.710632801055908 0.728801548480988 0.714764833450317 0.708791732788086 0.70415860414505 0.692622184753418 0.693717777729034 0.713369786739349 0.731642186641693 0.685979425907135 0.670332849025726 0.658949494361877 0.68113511800766 0.689745426177979 0.668411135673523 0.649085402488708 0.638190984725952 0.630320966243744 0.623072624206543 -9999 -9999 -9999 -9999 -9999 -9999 -9999 -9999 -9999 -9999 -9999 -9999 -9999 -9999 -9999 -9999
0.399813652038574 0.376180529594421 0.358269602060318 0.357903987169266 0.39168643951416 0.414260357618332 0.404907912015915 0.40133336186409 0.395713180303574 0.398190230131149 0.430889338254929 0.469824224710464 0.564354419708252 0.670648097991943 0.669883847236633 0.678008139133453 0.686621129512787 0.703451693058014 0.696342885494232 0.695893466472626 0.703279376029968 0.731437981128693 0.732933223247528 0.71708869934082 0.709929943084717 0.699328184127808 0.691340863704681 0.69116085767746 0.708898782730103 0.674922227859497 0.66938316822052 0.658745408058167 0.664548933506012 0.663455009460449 0.668455421924591 0.639625430107117 0.632466316223145 0.627979695796967 0.624782621860504 -9999 -9999 -9999 -9999 -9999 -9999 -9999 -9999 -9999 -9999 -9999 -9999 -9999 -9999 -9999 -9999
