supmat2_scripts_points_rasters/rasters/chordo2p25lqpt.asc
NCOLS 360 
NROWS 480 
XLLCORNER 119.5 
YLLCORNER 21.5 
CELLSIZE 0.00833333333333333 
NODATA_value -9999 
[rows 175 to 199 of 480, columns 220 to 274 of 360]
0.325888097286224 0.309789955615997 0.316001117229462 0.335437089204788 0.329101651906967 0.301124960184097 0.329861223697662 0.323793143033981 0.327406227588654 0.34760919213295 0.334972769021988 0.338568300008774 0.340238213539124 0.346431136131287 0.338816940784454 0.329607158899307 0.337909698486328 0.35661056637764 0.356534272432327 0.378158867359161 0.375460177659988 0.38572683930397 0.399827510118484 0.426452338695526 0.519216179847717 0.526264607906342 0.508384168148041 0.496781468391418 0.55176055431366 0.60807853937149 0.625402808189392 0.628732860088348 0.62101686000824 0.617200195789337 0.612145364284515 -9999 -9999 -9999 -9999 -9999 -9999 -9999 -9999 -9999 -9999 -9999 -9999 -9999 -9999 -9999 -9999 -9999 -9999 -9999 -9999
0.301866054534912 0.328519403934479 0.345550298690796 0.331948161125183 0.336877197027206 0.325669884681702 0.313748687505722 0.334977239370346 0.320489823818207 0.343285948038101 0.356949269771576 0.348625212907791 0.42127451300621 0.364425808191299 0.342739045619965 0.336489111185074 0.345899641513824 0.34909725189209 0.34803694486618 0.375925540924072 0.389010190963745 0.391645908355713 0.440745085477829 0.457076221704483 0.553797006607056 0.560728430747986 0.519134104251862 0.525310814380646 0.571343302726746 0.617952585220337 0.622785449028015 0.622881889343262 0.621230006217957 0.619859933853149 0.616355538368225 0.612830281257629 -9999 -9999 -9999 -9999 -9999 -9999 -9999 -9999 -9999 -9999 -9999 -9999 -9999 -9999 -9999 -9999 -9999 -9999 -9999
0.327230036258698 0.380000323057175 0.379515171051025 0.348286300897598 0.325542032718658 0.384899407625198 0.383632183074951 0.347836405038834 0.323271900415421 0.354030072689056 0.459437787532806 0.458214670419693 0.473261475563049 0.38012158870697 0.356443524360657 0.356964737176895 0.350358217954636 0.355340629816055 0.365460693836212 0.366360008716583 0.384676277637482 0.468794822692871 0.53933846950531 0.547824680805206 0.558199822902679 0.572376191616058 0.556475043296814 0.529717803001404 0.615186154842377 0.625811994075775 0.624125421047211 0.62319278717041 0.623090326786041 0.621949374675751 0.616424918174744 0.614664793014526 0.610341668128967 -9999 -9999 -9999 -9999 -9999 -9999 -9999 -9999 -9999 -9999 -9999 -9999 -9999 -9999 -9999 -9999 -9999 -9999
0.333773195743561 0.384780883789062 0.392456591129303 0.370451271533966 0.412953048944473 0.447317093610764 0.441136360168457 0.380958646535873 0.390153408050537 0.404001265764236 0.51339989900589 0.524107217788696 0.451975911855698 0.366581112146378 0.376035541296005 0.369383901357651 0.372367650270462 0.362724512815475 0.372426748275757 0.384098201990128 0.396305441856384 0.444038480520248 0.532486021518707 0.561972618103027 0.575710117816925 0.587544023990631 0.591293752193451 0.609402358531952 0.622269153594971 0.625316977500916 0.624615788459778 0.618749916553497 0.620528161525726 0.622967898845673 0.617982447147369 0.625637829303741 0.622830986976624 0.621646285057068 -9999 -9999 -9999 -9999 -9999 -9999 -9999 -9999 -9999 -9999 -9999 -9999 -9999 -9999 -9999 -9999 -9999
0.316628068685532 0.349096655845642 0.332230687141418 0.327236354351044 0.360470682382584 0.433321207761765 0.453633993864059 0.498275488615036 0.490229874849319 0.500382721424103 0.538749694824219 0.549788355827332 0.51185542345047 0.448266804218292 0.363049060106277 0.412649750709534 0.421031177043915 0.435760170221329 0.375663071870804 0.384522289037704 0.389635622501373 0.414817094802856 0.54471343755722 0.544156014919281 0.571954429149628 0.589350640773773 0.597848296165466 0.610601663589478 0.622229337692261 0.622341752052307 0.620299875736237 0.61737859249115 0.62172132730484 0.630401432514191 0.63004869222641 0.632992565631866 -9999 -9999 -9999 -9999 -9999 -9999 -9999 -9999 -9999 -9999 -9999 -9999 -9999 -9999 -9999 -9999 -9999 -9999 -9999
0.310925394296646 0.321660339832306 0.346906572580338 0.352081328630447 0.352991610765457 0.390301018953323 0.383242547512054 0.438827246427536 0.416609227657318 0.428513169288635 0.508795738220215 0.531476676464081 0.542809247970581 0.512085616588593 0.515544295310974 0.455286800861359 0.488165378570557 0.449061781167984 0.384377300739288 0.391665697097778 0.400004714727402 0.43256476521492 0.510428190231323 0.541865289211273 0.573849201202393 0.603273391723633 0.615422129631042 0.624072074890137 0.628175973892212 0.624456763267517 0.619808912277222 0.617422521114349 0.624287843704224 0.631298065185547 0.635670781135559 0.63460099697113 -9999 -9999 -9999 -9999 -9999 -9999 -9999 -9999 -9999 -9999 -9999 -9999 -9999 -9999 -9999 -9999 -9999 -9999 -9999
0.334830075502396 0.345058500766754 0.355348289012909 0.350587874650955 0.356748014688492 0.360675811767578 0.352252811193466 0.384904623031616 0.399590849876404 0.3751480281353 0.391398936510086 0.43442177772522 0.495249450206757 0.53763473033905 0.568637847900391 0.554524183273315 0.540585815906525 0.523844957351685 0.463750839233398 0.436105191707611 0.521598339080811 0.457349717617035 0.463325142860413 0.561540961265564 0.590188920497894 0.613793730735779 0.619494497776031 0.625076591968536 0.625386536121368 0.621919870376587 0.619679868221283 0.618570029735565 0.622923851013184 0.631922721862793 0.633304715156555 0.630751132965088 -9999 -9999 -9999 -9999 -9999 -9999 -9999 -9999 -9999 -9999 -9999 -9999 -9999 -9999 -9999 -9999 -9999 -9999 -9999
0.341145813465118 0.364408105611801 0.371056854724884 0.346667379140854 0.336288005113602 0.335806757211685 0.330535650253296 0.351873129606247 0.363026708364487 0.341675490140915 0.352045297622681 0.404837548732758 0.532997310161591 0.557010114192963 0.528110325336456 0.569521069526672 0.537602961063385 0.541098654270172 0.532435655593872 0.547116339206696 0.541399896144867 0.504370152950287 0.476953506469727 0.561658442020416 0.584839522838593 0.622326016426086 0.618951916694641 0.620738327503204 0.621610462665558 0.621048152446747 0.621949374675751 0.618062734603882 0.628104865550995 0.634609818458557 0.631611287593842 -9999 -9999 -9999 -9999 -9999 -9999 -9999 -9999 -9999 -9999 -9999 -9999 -9999 -9999 -9999 -9999 -9999 -9999 -9999 -9999
0.375535815954208 0.381536185741425 0.382234066724777 0.361188769340515 0.352962285280228 0.367755591869354 0.377353072166443 0.370015889406204 0.371932327747345 0.351816862821579 0.37751567363739 0.397803127765656 0.525943577289581 0.543309211730957 0.584094643592834 0.581673443317413 0.54982978105545 0.557835876941681 0.560112357139587 0.563928782939911 0.557269930839539 0.567983329296112 0.58173656463623 0.572729289531708 0.585970759391785 0.62438178062439 0.616787791252136 0.617715239524841 0.621484756469727 0.624695956707001 0.621409714221954 0.627933025360107 0.634320914745331 0.638461053371429 -9999 0.609165191650391 -9999 -9999 -9999 -9999 -9999 -9999 -9999 -9999 -9999 -9999 -9999 -9999 -9999 -9999 -9999 -9999 -9999 -9999 -9999
0.370232671499252 0.362180680036545 0.341287016868591 0.368226200342178 0.373187094926834 0.377116739749908 0.361512154340744 0.336409151554108 0.346486508846283 0.38383537530899 0.428879648447037 0.430406242609024 0.513915181159973 0.519509375095367 0.572185635566711 0.605070114135742 0.598527491092682 0.59127551317215 0.566474080085754 0.572350084781647 0.57738846540451 0.577325224876404 0.561139822006226 0.573075711727142 0.610916554927826 0.618164241313934 0.610867142677307 0.615860521793365 0.620790541172028 0.62528395652771 0.629463255405426 0.63381016254425 0.635156393051147 -9999 -9999 -9999 -9999 -9999 -9999 -9999 -9999 -9999 -9999 -9999 -9999 -9999 -9999 -9999 -9999 -9999 -9999 -9999 -9999 -9999 -9999
0.348365604877472 0.354736119508743 0.353776603937149 0.341776192188263 0.355991542339325 0.344012945890427 0.32046827673912 0.33240482211113 0.366633623838425 0.395966619253159 0.358772575855255 0.37914103269577 0.436258852481842 0.452592104673386 0.447021424770355 0.566122889518738 0.569170713424683 0.524610221385956 0.581102192401886 0.576769948005676 0.582498908042908 0.584778428077698 0.587039351463318 0.602280676364899 0.607988834381104 0.610250234603882 0.609581410884857 0.611225605010986 0.615518093109131 0.614043116569519 0.616934657096863 0.615577220916748 0.617645740509033 -9999 -9999 -9999 -9999 -9999 -9999 -9999 -9999 -9999 -9999 -9999 -9999 -9999 -9999 -9999 -9999 -9999 -9999 -9999 -9999 -9999 -9999
0.338737010955811 0.34734183549881 0.370724052190781 0.36400318145752 0.379897087812424 0.356748938560486 0.359559565782547 0.374808043241501 0.326322466135025 0.363646596670151 0.338363945484161 0.384323298931122 0.358605295419693 0.388766825199127 0.395286202430725 0.528961598873138 0.543416738510132 0.433520257472992 0.558055341243744 0.572990417480469 0.590012729167938 0.594858348369598 0.598628997802734 0.608601987361908 0.612910270690918 0.612046122550964 0.60706502199173 0.607960641384125 0.611488401889801 0.612800061702728 0.615829944610596 0.611660659313202 0.607601165771484 -9999 -9999 -9999 -9999 -9999 -9999 -9999 -9999 -9999 -9999 -9999 -9999 -9999 -9999 -9999 -9999 -9999 -9999 -9999 -9999 -9999 -9999
0.356219500303268 0.363333970308304 0.368393510580063 0.365998119115829 0.374649256467819 0.377145648002625 0.384661227464676 0.364364862442017 0.323313623666763 0.33510434627533 0.356544613838196 0.3522087931633 0.369681775569916 0.399499237537384 0.369015991687775 0.42821940779686 0.445292413234711 0.40206378698349 0.546923696994781 0.580550253391266 0.593742311000824 0.599440455436707 0.605721533298492 0.6103236079216 0.612536668777466 0.609273374080658 0.605886280536652 0.606109738349915 0.607461094856262 0.608282268047333 0.609741866588593 0.609462320804596 0.608697235584259 -9999 -9999 -9999 -9999 -9999 -9999 -9999 -9999 -9999 -9999 -9999 -9999 -9999 -9999 -9999 -9999 -9999 -9999 -9999 -9999 -9999 -9999
0.317909181118011 0.323689758777618 0.351748645305634 0.358562678098679 0.367398172616959 0.359608203172684 0.37488067150116 0.351504683494568 0.337697803974152 0.345455169677734 0.354879438877106 0.357959449291229 0.365118235349655 0.398151904344559 0.389138907194138 0.38134092092514 0.4177066385746 0.427382737398148 0.588226437568665 0.582088589668274 0.599479496479034 0.605316042900085 0.611874878406525 0.614096403121948 0.607679963111877 0.60804146528244 0.605756342411041 0.606768906116486 0.606532096862793 0.60176944732666 0.603029072284698 0.609299838542938 0.603375971317291 -9999 -9999 -9999 -9999 -9999 -9999 -9999 -9999 -9999 -9999 -9999 -9999 -9999 -9999 -9999 -9999 -9999 -9999 -9999 -9999 -9999 -9999
0.298336178064346 0.325776785612106 0.300685852766037 0.31314605474472 0.348450630903244 0.356726586818695 0.364424109458923 0.366106778383255 0.363476783037186 0.364062666893005 0.37655633687973 0.349980115890503 0.361685216426849 0.401161342859268 0.385795563459396 0.387659698724747 0.406215459108353 0.493482530117035 0.568045735359192 0.59031355381012 0.603498995304108 0.613054990768433 0.602315306663513 0.612395048141479 0.604784607887268 0.601928114891052 0.597310900688171 0.597203552722931 0.595398247241974 0.596355140209198 0.600558996200562 0.600248396396637 0.598940134048462 -9999 -9999 -9999 -9999 -9999 -9999 -9999 -9999 -9999 -9999 -9999 -9999 -9999 -9999 -9999 -9999 -9999 -9999 -9999 -9999 -9999 -9999
0.299202054738998 0.298638075590134 0.310228645801544 0.306948065757751 0.346213459968567 0.354870975017548 0.354645639657974 0.370218932628632 0.360305935144424 0.341019302606583 0.3697769343853 0.360426962375641 0.379487186670303 0.409650802612305 0.400738030672073 0.397341877222061 0.421745359897614 0.562128067016602 0.619480609893799 0.605770289897919 0.610159635543823 0.613266050815582 0.610389471054077 0.604962885379791 0.60456782579422 0.601620137691498 0.600424647331238 0.59846442937851 0.5957071185112 0.605512917041779 0.605842769145966 0.599733531475067 0.593382954597473 -9999 -9999 -9999 -9999 -9999 -9999 -9999 -9999 -9999 -9999 -9999 -9999 -9999 -9999 -9999 -9999 -9999 -9999 -9999 -9999 -9999 -9999
0.290335774421692 0.298007100820541 0.342800408601761 0.316816240549088 0.331998646259308 0.325956732034683 0.33304351568222 0.361113399267197 0.34333062171936 0.349679321050644 0.353371351957321 0.351936906576157 0.371762245893478 0.38865128159523 0.396588385105133 0.443148285150528 0.504552483558655 0.61000919342041 0.603810787200928 0.611020743846893 0.611266195774078 0.611584544181824 0.608689606189728 0.608931362628937 0.609681367874146 0.607035160064697 0.605089008808136 0.60278844833374 0.604843854904175 0.604392409324646 0.59734308719635 0.598133087158203 0.592640161514282 -9999 -9999 -9999 -9999 -9999 -9999 -9999 -9999 -9999 -9999 -9999 -9999 -9999 -9999 -9999 -9999 -9999 -9999 -9999 -9999 -9999 -9999
0.349953472614288 0.373428016901016 0.357398867607117 0.32360514998436 0.331122606992722 0.369962245225906 0.34093102812767 0.369836986064911 0.36319962143898 0.346397221088409 0.362673670053482 0.360822558403015 0.395916193723679 0.402615040540695 0.402350902557373 0.562657356262207 0.602654933929443 0.59690260887146 0.654429852962494 0.616272211074829 0.610983371734619 0.609633803367615 0.604392528533936 0.609591364860535 0.60941618680954 0.609281957149506 0.608390212059021 0.603436648845673 0.602223575115204 0.596960723400116 0.597968399524689 0.595661044120789 0.591704726219177 -9999 -9999 -9999 -9999 -9999 -9999 -9999 -9999 -9999 -9999 -9999 -9999 -9999 -9999 -9999 -9999 -9999 -9999 -9999 -9999 -9999 -9999
0.301368594169617 0.384956032037735 0.42454406619072 0.366012692451477 0.425684541463852 0.347848564386368 0.353034913539886 0.334257125854492 0.361185342073441 0.391321182250977 0.386558562517166 0.370756864547729 0.398259997367859 0.408562928438187 0.429022431373596 0.578385472297668 0.63371741771698 0.633679807186127 0.603752732276917 0.614624917507172 0.610370755195618 0.607315421104431 0.606501936912537 0.605879664421082 0.608527302742004 0.60873281955719 0.607661664485931 0.607232272624969 0.602389335632324 0.599537134170532 0.594224572181702 0.595857679843903 0.59155946969986 -9999 -9999 -9999 -9999 -9999 -9999 -9999 -9999 -9999 -9999 -9999 -9999 -9999 -9999 -9999 -9999 -9999 -9999 -9999 -9999 -9999 -9999
0.354810744524002 0.346005499362946 0.438548922538757 0.441827565431595 0.366703808307648 0.359309464693069 0.36796373128891 0.354934364557266 0.430248200893402 0.516863882541656 0.409374266862869 0.365026295185089 0.396473735570908 0.394876509904861 0.542153835296631 0.591302931308746 0.624013543128967 0.617996692657471 0.617849349975586 0.611987709999084 0.606449961662292 0.605224847793579 0.605050921440125 0.605706989765167 0.606082916259766 0.603772640228271 0.603813946247101 0.602882087230682 0.59951376914978 0.597559034824371 0.592228531837463 0.594951331615448 -9999 -9999 -9999 -9999 -9999 -9999 -9999 -9999 -9999 -9999 -9999 -9999 -9999 -9999 -9999 -9999 -9999 -9999 -9999 -9999 -9999 -9999 -9999
0.338437914848328 0.346087664365768 0.415249466896057 0.478276908397675 0.365238606929779 0.373547434806824 0.351904273033142 0.429913729429245 0.571667969226837 0.529238700866699 0.420100122690201 0.388942569494247 0.400979489088058 0.489991366863251 0.597775876522064 0.648559749126434 0.665004789829254 0.615615248680115 0.603720843791962 0.608635663986206 0.604524433612823 0.602926790714264 0.606670320034027 0.601861596107483 0.600200057029724 0.600073575973511 0.600383639335632 0.59953099489212 0.601284146308899 0.596123516559601 0.595857679843903 0.592941164970398 -9999 -9999 -9999 -9999 -9999 -9999 -9999 -9999 -9999 -9999 -9999 -9999 -9999 -9999 -9999 -9999 -9999 -9999 -9999 -9999 -9999 -9999 -9999
0.339958876371384 0.340260475873947 0.382518857717514 0.453922152519226 0.449558287858963 0.447331607341766 0.381317526102066 0.395965397357941 0.590542852878571 0.558107376098633 0.430161952972412 0.396368265151978 0.428295195102692 0.507676601409912 0.611273348331451 0.646709978580475 0.664397537708282 0.610872268676758 0.608142852783203 0.602890133857727 0.601074159145355 0.602170586585999 0.602030694484711 0.597538352012634 0.598507940769196 0.601003706455231 0.601177275180817 0.604340016841888 0.595407247543335 0.597869277000427 0.594460368156433 0.590754091739655 -9999 -9999 -9999 -9999 -9999 -9999 -9999 -9999 -9999 -9999 -9999 -9999 -9999 -9999 -9999 -9999 -9999 -9999 -9999 -9999 -9999 -9999 -9999
0.332867532968521 0.369066119194031 0.440626591444016 0.520162522792816 0.556164622306824 0.528460681438446 0.414459407329559 0.381808042526245 0.563068449497223 0.597501456737518 0.53979104757309 0.490955591201782 0.460448831319809 0.482425332069397 0.574139893054962 0.621849000453949 0.609788954257965 0.608721375465393 0.604780077934265 0.603681206703186 0.602617979049683 0.599390625953674 0.598322331905365 0.598013401031494 0.602533340454102 0.605140328407288 0.605107426643372 0.59977650642395 0.598557591438293 0.599275887012482 0.596657276153564 0.592013716697693 -9999 -9999 -9999 -9999 -9999 -9999 -9999 -9999 -9999 -9999 -9999 -9999 -9999 -9999 -9999 -9999 -9999 -9999 -9999 -9999 -9999 -9999 -9999
0.32568421959877 0.342341959476471 0.40321147441864 0.378083139657974 0.475527614355087 0.566423416137695 0.476178109645844 0.474444180727005 0.598396360874176 0.620018124580383 0.625553131103516 0.585201144218445 0.54524689912796 0.49372074007988 0.617552936077118 0.612947940826416 0.612683296203613 0.606680452823639 0.6075199842453 0.610607862472534 0.60659396648407 0.599081873893738 0.593382954597473 0.5926194190979 0.599436581134796 0.604494631290436 0.604391098022461 0.600779056549072 0.600340366363525 0.593849420547485 0.596243321895599 -9999 -9999 -9999 -9999 -9999 -9999 -9999 -9999 -9999 -9999 -9999 -9999 -9999 -9999 -9999 -9999 -9999 -9999 -9999 -9999 -9999 -9999 -9999 -9999
0.322822242975235 0.316660076379776 0.331836700439453 0.34555059671402 0.515897393226624 0.529864370822906 0.570498526096344 0.585682809352875 0.599168598651886 0.598236262798309 0.632118046283722 0.637822508811951 0.577536225318909 0.595095455646515 0.632731139659882 0.608375191688538 0.607610046863556 0.601532936096191 0.604832351207733 0.605933427810669 0.604742348194122 0.600456833839417 0.595851838588715 0.599581241607666 0.603063881397247 0.608342468738556 0.592119038105011 0.597182035446167 0.587159872055054 0.59536075592041 0.594850480556488 -9999 -9999 -9999 -9999 -9999 -9999 -9999 -9999 -9999 -9999 -9999 -9999 -9999 -9999 -9999 -9999 -9999 -9999 -9999 -9999 -9999 -9999 -9999 -9999
