supmat2_scripts_points_rasters/rasters/chordo2p25lqpt.asc
NCOLS 360 
NROWS 480 
XLLCORNER 119.5 
YLLCORNER 21.5 
CELLSIZE 0.00833333333333333 
NODATA_value -9999 
[rows 275 to 299 of 480, columns 55 to 109 of 360]
-9999 -9999 -9999 -9999 -9999 -9999 -9999 -9999 -9999 -9999 -9999 -9999 -9999 -9999 -9999 0.520348846912384 0.520667493343353 0.524154722690582 0.533125281333923 0.543443560600281 0.555454194545746 0.564315438270569 0.568472683429718 0.572406589984894 0.580293297767639 0.585476279258728 0.586077570915222 0.584485054016113 0.579148471355438 0.579807639122009 0.5831059217453 0.587399184703827 0.592360138893127 0.594477832317352 0.598446726799011 0.604663968086243 0.612364888191223 0.616763293743134 0.621158182621002 0.623812258243561 0.626798510551453 0.635426640510559 0.648032367229462 0.664254665374756 0.672967135906219 0.66998565196991 0.667447745800018 0.665125966072083 0.664565443992615 0.676374733448029 0.684309780597687 0.691726684570312 0.688083589076996 0.688381850719452 0.690934240818024
-9999 -9999 -9999 -9999 -9999 -9999 -9999 -9999 -9999 -9999 -9999 -9999 -9999 -9999 0.536055326461792 0.5257768034935 0.524154722690582 0.529300391674042 0.539566278457642 0.549964904785156 0.560672223567963 0.569835484027863 0.57235199213028 0.584636211395264 0.591303586959839 0.594806969165802 0.59818971157074 0.597792387008667 0.598456084728241 0.600048363208771 0.603699803352356 0.605952978134155 0.608609795570374 0.609199523925781 0.612775087356567 0.616347312927246 0.621327936649323 0.624981641769409 0.62704062461853 0.631683766841888 0.632347106933594 0.641964197158813 0.656858801841736 0.668226420879364 0.672967135906219 0.667454183101654 0.666673958301544 0.667433142662048 0.663692533969879 0.682899177074432 0.68625795841217 0.689113438129425 0.68738579750061 0.692074120044708 0.708262145519257
-9999 -9999 -9999 -9999 -9999 -9999 -9999 -9999 -9999 -9999 -9999 -9999 -9999 -9999 0.542562127113342 0.533738136291504 0.534762859344482 0.540568172931671 0.547367513179779 0.559040129184723 0.568524122238159 0.573170602321625 0.581280767917633 0.591634273529053 0.595604956150055 0.601179301738739 0.604170858860016 0.607021629810333 0.609421193599701 0.61067795753479 0.613746702671051 0.616665244102478 0.619913101196289 0.623822271823883 0.628636062145233 0.630871653556824 0.633673787117004 0.634337067604065 0.636990249156952 0.639311611652374 0.64494776725769 0.652341246604919 0.660727500915527 0.670871734619141 0.673079073429108 0.672193646430969 0.672511339187622 0.666889429092407 0.675331771373749 0.683947920799255 0.695506036281586 0.695361316204071 0.704268634319305 0.712401390075684 0.719858765602112
-9999 -9999 -9999 -9999 -9999 -9999 -9999 -9999 -9999 -9999 -9999 -9999 -9999 0.551917195320129 0.554338574409485 0.543478786945343 0.54218453168869 0.54218453168869 0.550289809703827 0.559692800045013 0.564970195293427 0.574156582355499 0.585234105587006 0.595604956150055 0.60289478302002 0.609421193599701 0.615153908729553 0.614336311817169 0.618329167366028 0.619993388652802 0.623403966426849 0.627233684062958 0.632646918296814 0.637218773365021 0.640596508979797 0.645379602909088 0.646474719047546 0.644249856472015 0.64557808637619 0.648363888263702 0.6499183177948 0.654885530471802 0.661611378192902 0.670871734619141 0.675393104553223 0.67726081609726 0.676040589809418 0.678738713264465 0.68222576379776 0.688582301139832 0.699668288230896 0.712868750095367 0.722867727279663 0.732218980789185 0.752314865589142
-9999 -9999 -9999 -9999 -9999 -9999 -9999 -9999 -9999 -9999 -9999 -9999 -9999 -9999 -9999 -9999 0.543802499771118 0.548090159893036 0.550939917564392 0.554519355297089 0.560391306877136 0.570215106010437 0.584966003894806 0.599248290061951 0.609938681125641 0.619151890277863 0.62273770570755 0.62348473072052 0.624403476715088 0.628983438014984 0.630981683731079 0.634223282337189 0.638974368572235 0.641212165355682 0.643488049507141 0.64780181646347 0.646906077861786 0.649561583995819 0.652009963989258 0.656647384166718 0.662382304668427 0.666020631790161 0.667012214660645 0.674401640892029 0.678593039512634 0.680460691452026 0.680206000804901 0.680831134319305 0.683411419391632 0.692492842674255 0.702179551124573 0.714773535728455 0.729335129261017 0.747943639755249 0.747239172458649
-9999 -9999 -9999 -9999 -9999 -9999 -9999 -9999 -9999 -9999 -9999 -9999 -9999 -9999 -9999 -9999 0.552891492843628 0.556558787822723 0.559455633163452 0.561044812202454 0.563940346240997 0.576184153556824 0.587998449802399 0.602563142776489 0.61733078956604 0.630734503269196 0.634400129318237 0.63657557964325 0.635733067989349 0.637065947055817 0.638731956481934 0.639215588569641 0.643635511398315 0.645440876483917 0.64766925573349 0.648665606975555 0.650658011436462 0.652879536151886 0.657190322875977 0.66050386428833 0.666131258010864 0.672080516815186 0.677242577075958 0.6816645860672 0.686200082302094 0.689145505428314 0.690305531024933 0.689228296279907 0.690734446048737 0.698668897151947 0.70926821231842 0.718258559703827 0.735168755054474 0.744524300098419 0.72811222076416
-9999 -9999 -9999 -9999 -9999 -9999 -9999 -9999 -9999 -9999 -9999 -9999 -9999 -9999 -9999 -9999 0.56071799993515 0.55819171667099 0.558149099349976 0.562725722789764 0.573827862739563 0.587459802627563 0.595936000347137 0.60787159204483 0.622656583786011 0.628485560417175 0.639398336410522 0.641912698745728 0.640730977058411 0.643302619457245 0.646726250648499 0.648723900318146 0.650093674659729 0.655075550079346 0.656631708145142 0.655407547950745 0.6577308177948 0.663368463516235 0.667895555496216 0.67460572719574 0.681101083755493 0.686036586761475 0.688091516494751 0.695264995098114 0.697598814964294 0.698910415172577 0.695874869823456 0.696215450763702 0.701673269271851 0.708699643611908 0.720778584480286 0.726194024085999 0.744099020957947 0.737262427806854 0.72569352388382
-9999 -9999 -9999 -9999 -9999 -9999 -9999 -9999 -9999 -9999 -9999 -9999 -9999 -9999 -9999 0.564720094203949 0.56233412027359 0.562436640262604 0.562584698200226 0.569558799266815 0.583377003669739 0.601112008094788 0.614003658294678 0.61916708946228 0.622989535331726 0.630068063735962 0.640155255794525 0.643913626670837 0.644395112991333 0.64981871843338 0.653948783874512 0.658804595470428 0.661589622497559 0.662042617797852 0.662374138832092 0.663037061691284 0.667343437671661 0.673297643661499 0.679570078849792 0.686036586761475 0.689771234989166 0.693379819393158 0.694514334201813 0.702732026576996 0.710215210914612 0.712620437145233 0.705653965473175 0.708321690559387 0.716068089008331 0.72009289264679 0.728239178657532 0.730931341648102 0.730614066123962 0.724020779132843 0.733754515647888
-9999 -9999 -9999 -9999 -9999 -9999 -9999 -9999 -9999 -9999 -9999 -9999 -9999 -9999 -9999 0.56510192155838 0.56853049993515 0.568313777446747 0.575689792633057 0.591367363929749 0.605288982391357 0.618074715137482 0.624736666679382 0.626900851726532 0.632646918296814 0.636732757091522 0.642579734325409 0.648153305053711 0.652482569217682 0.657141625881195 0.661796510219574 0.667667508125305 0.670650959014893 0.671976089477539 0.670650959014893 0.67385196685791 0.677932024002075 0.68276983499527 0.689355254173279 0.695592761039734 0.695672750473022 0.701229751110077 0.703448474407196 0.710534691810608 0.719618916511536 0.716451168060303 0.709168136119843 0.709044337272644 0.729007482528687 0.731248617172241 0.733619332313538 0.724164426326752 0.724804818630219 0.740558564662933 0.741656601428986
-9999 -9999 -9999 -9999 -9999 -9999 -9999 -9999 -9999 -9999 -9999 -9999 -9999 -9999 -9999 0.576522827148438 0.579004049301147 0.580112516880035 0.591239035129547 0.605692625045776 0.618329167366028 0.624321401119232 0.629401564598083 0.635311245918274 0.641305148601532 0.646726250648499 0.653245687484741 0.65581089258194 0.661464154720306 0.6671102643013 0.670973002910614 0.674181818962097 0.677162647247314 0.678817272186279 0.682784199714661 0.686182379722595 0.68782901763916 0.691237986087799 0.697804749011993 0.703116118907928 0.710281074047089 0.711773097515106 0.712668359279633 0.717237949371338 0.719027519226074 0.713202476501465 0.708968162536621 0.712165951728821 0.731531381607056 0.730699181556702 0.720690429210663 0.717006206512451 0.721700727939606 0.749487459659576 0.781916797161102
-9999 -9999 -9999 -9999 -9999 -9999 -9999 -9999 -9999 -9999 -9999 -9999 -9999 0.569157540798187 0.573066890239716 0.578813374042511 0.583270967006683 0.586689949035645 0.592626571655273 0.60270369052887 0.616409838199615 0.624151408672333 0.632486760616302 0.640730977058411 0.64762932062149 0.65581089258194 0.662231266498566 0.668105781078339 0.672747611999512 0.680801510810852 0.681793034076691 0.683009684085846 0.686097085475922 0.689827501773834 0.691145062446594 0.693777680397034 0.696197688579559 0.698048055171967 0.702185034751892 0.707737445831299 0.712035775184631 0.715927362442017 0.718110859394073 0.720596432685852 0.720368266105652 0.715735375881195 0.718980193138123 0.723057508468628 0.732516705989838 0.736715912818909 0.722574830055237 0.733856022357941 0.740396320819855 0.756605088710785 0.775364518165588
-9999 -9999 -9999 -9999 -9999 -9999 -9999 -9999 -9999 -9999 -9999 0.610207796096802 0.57045990228653 0.573392927646637 0.569095969200134 0.572866022586823 0.58333557844162 0.591302514076233 0.599579691886902 0.608350932598114 0.6160768866539 0.626818478107452 0.638577163219452 0.649056792259216 0.655610799789429 0.661029100418091 0.669207394123077 0.671313583850861 0.680470883846283 0.685983955860138 0.686097085475922 0.690173387527466 0.69478851556778 0.699064195156097 0.700496912002563 0.698944985866547 0.699273288249969 0.708440601825714 0.710471332073212 0.712226390838623 0.712815701961517 0.717222154140472 0.721149682998657 0.723024964332581 0.724770069122314 0.731275022029877 0.734075546264648 0.730786025524139 0.737366616725922 0.745528161525726 0.740325033664703 0.73045825958252 0.74353551864624 0.752607107162476 0.783233404159546
-9999 -9999 -9999 -9999 -9999 -9999 -9999 -9999 -9999 -9999 0.596234142780304 0.583778083324432 0.585741698741913 0.570397555828094 0.570072114467621 0.575478672981262 0.588995397090912 0.601684510707855 0.613184988498688 0.621909260749817 0.629152417182922 0.642002761363983 0.65081775188446 0.65813946723938 0.66358083486557 0.669988214969635 0.676720917224884 0.679253876209259 0.681462526321411 0.685983955860138 0.692811906337738 0.697867393493652 0.699064195156097 0.703450381755829 0.704433739185333 0.706640779972076 0.710240483283997 0.711827635765076 0.718202471733093 0.720986425876617 0.721879065036774 0.724320948123932 0.729178667068481 0.731307625770569 0.732437491416931 0.737959980964661 0.742976665496826 0.748463690280914 0.741503059864044 0.737723171710968 0.73902827501297 0.740348517894745 0.758021116256714 0.763838768005371 0.791103363037109
-9999 -9999 -9999 -9999 -9999 -9999 -9999 -9999 -9999 0.57463264465332 0.573980629444122 0.57658976316452 0.575937211513519 0.573066890239716 0.573066890239716 0.579860627651215 0.591302514076233 0.605732619762421 0.614336311817169 0.621990859508514 0.638243675231934 0.649008452892303 0.656143605709076 0.662025570869446 0.666565835475922 0.672307252883911 0.678374886512756 0.683888673782349 0.685639679431915 0.695658564567566 0.704106032848358 0.704106032848358 0.70672595500946 0.709870755672455 0.710974037647247 0.711097717285156 0.714884579181671 0.719628572463989 0.724026262760162 0.726659178733826 0.727809071540833 0.732977092266083 0.734463512897491 0.737203121185303 0.735273540019989 0.74044144153595 0.74593847990036 0.750353038311005 0.753988802433014 0.744241833686829 0.745547235012054 0.745725989341736 0.751832783222198 0.769424915313721 0.802474498748779
-9999 -9999 -9999 -9999 -9999 -9999 -9999 -9999 -9999 0.567733645439148 0.571048617362976 0.573002874851227 0.574306607246399 0.577568829059601 0.577568829059601 0.581433594226837 0.593870759010315 0.605475246906281 0.613081097602844 0.627234101295471 0.644247114658356 0.656341016292572 0.661464273929596 0.665571093559265 0.669879674911499 0.676059186458588 0.683660507202148 0.69081574678421 0.696526348590851 0.704640090465546 0.710771203041077 0.713179290294647 0.715986728668213 0.716383516788483 0.713130831718445 0.716058611869812 0.722348988056183 0.724994301795959 0.729366183280945 0.729872047901154 0.732297420501709 0.736944973468781 0.73639851808548 0.74068421125412 0.743171989917755 0.749093890190125 0.752405822277069 0.755862951278687 0.765463948249817 0.753857493400574 0.748702526092529 0.743673503398895 0.757565379142761 0.785122215747833 0.794515013694763
-9999 -9999 -9999 -9999 -9999 -9999 -9999 -9999 -9999 0.569683969020844 0.571048617362976 0.573263823986053 0.576780915260315 0.579528152942657 0.582327663898468 0.59193742275238 0.598893284797668 0.607465207576752 0.625151634216309 0.645005822181702 0.658572435379028 0.665222585201263 0.671090662479401 0.67363166809082 0.678593039512634 0.683000445365906 0.690486371517181 0.69718337059021 0.705049157142639 0.713655233383179 0.718911945819855 0.722154557704926 0.721634805202484 0.716835856437683 0.716835856437683 0.720924377441406 0.723512053489685 0.725827991962433 0.731932640075684 0.735951364040375 0.741075813770294 0.740931928157806 0.737667500972748 0.742096483707428 0.749167442321777 0.75022828578949 0.755862951278687 0.75914192199707 0.766048848628998 0.768611192703247 0.75556755065918 0.74824333190918 0.771069765090942 0.791317820549011 0.787184059619904
-9999 -9999 -9999 -9999 -9999 -9999 -9999 -9999 -9999 -9999 -9999 -9999 0.581092178821564 0.586249530315399 0.588866889476776 0.594239592552185 0.602528631687164 0.619580447673798 0.64324676990509 0.657906889915466 0.667652368545532 0.669656753540039 0.674513578414917 0.68013060092926 0.689592897891998 0.693210422992706 0.699360072612762 0.706480503082275 0.715477347373962 0.720600545406342 0.726094365119934 0.731188952922821 0.723772823810577 0.719363570213318 0.720081686973572 0.723512053489685 0.725771844387054 0.730008363723755 0.734035193920135 0.741996049880981 0.744728207588196 0.739519119262695 0.735763490200043 0.741297245025635 0.749931693077087 0.757097601890564 0.758514940738678 0.760224103927612 0.764984369277954 0.767861723899841 0.750428259372711 0.758183121681213 0.769556641578674 0.777759552001953 0.775763213634491
-9999 -9999 -9999 -9999 -9999 -9999 -9999 -9999 -9999 -9999 -9999 -9999 0.584867835044861 0.591408431529999 0.590176343917847 0.5985187292099 0.606574952602386 0.621576547622681 0.635487794876099 0.650675654411316 0.665887117385864 0.673741579055786 0.676827907562256 0.68387508392334 0.694524109363556 0.705251932144165 0.712551832199097 0.7186558842659 0.721764624118805 0.729126214981079 0.734447717666626 0.739194750785828 0.730545938014984 0.726810932159424 0.72848242521286 0.7309210896492 0.734767735004425 0.735270380973816 0.736908137798309 0.741853356361389 0.744581818580627 0.738105118274689 0.736544609069824 0.742223918437958 0.752110600471497 0.759439051151276 0.763935923576355 0.770463526248932 0.760059535503387 0.771752834320068 0.761119425296783 0.751990616321564 0.761244714260101 0.763366103172302 0.765672564506531
-9999 -9999 -9999 -9999 -9999 -9999 -9999 -9999 -9999 -9999 -9999 0.60390168428421 0.584541141986847 0.590831279754639 0.595994293689728 0.604369819164276 0.617509961128235 0.625485181808472 0.63081967830658 0.637750566005707 0.64943540096283 0.65643846988678 0.671529829502106 0.68453449010849 0.698742628097534 0.712815582752228 0.720854461193085 0.722658634185791 0.728537082672119 0.734767735004425 0.741743683815002 0.746149778366089 0.740424394607544 0.737917900085449 0.740470051765442 0.743015706539154 0.749524116516113 0.749553143978119 0.742487251758575 0.742170393466949 0.742053687572479 0.743318617343903 0.741297245025635 0.746788442134857 0.754745900630951 0.760681450366974 0.758056461811066 0.767696797847748 0.764782190322876 0.764756202697754 0.775115132331848 0.766860663890839 0.758783221244812 0.762779235839844 0.766115248203278
-9999 -9999 -9999 -9999 -9999 -9999 -9999 -9999 -9999 -9999 -9999 -9999 -9999 0.597223162651062 0.602882921695709 0.611954987049103 0.620235562324524 0.627726793289185 0.634733378887177 0.637997686862946 0.644184768199921 0.650621950626373 0.663663566112518 0.678155601024628 0.68782901763916 0.700752377510071 0.707610368728638 0.713399350643158 0.723703444004059 0.737781226634979 0.752958357334137 0.758120238780975 0.753100037574768 0.755927622318268 0.755613923072815 0.757831871509552 0.760951519012451 0.759264528751373 0.753032863140106 0.749914169311523 0.751648545265198 0.752449154853821 0.751984536647797 0.756174921989441 0.759116172790527 0.753972589969635 0.756815075874329 0.76095712184906 0.768684983253479 0.771976113319397 0.772232472896576 0.785164833068848 0.760580539703369 0.756460249423981 0.763366103172302
-9999 -9999 -9999 -9999 -9999 -9999 -9999 -9999 -9999 -9999 -9999 -9999 -9999 -9999 0.628085315227509 0.612198412418365 0.620322704315186 0.627639353275299 0.636220335960388 0.644155085086823 0.647674441337585 0.654533922672272 0.664097964763641 0.669207394123077 0.672307252883911 0.676940202713013 0.683660507202148 0.697149097919464 0.71664571762085 0.746223330497742 0.763895690441132 0.767123639583588 0.770521223545074 0.771921932697296 0.771614909172058 0.771456778049469 0.768376410007477 0.76374876499176 0.757721245288849 0.755400776863098 0.757430076599121 0.761616945266724 0.760224103927612 0.761142551898956 0.759887218475342 0.759288012981415 0.759914696216583 0.760649383068085 0.768381237983704 0.775664329528809 0.772608637809753 0.785678446292877 0.770374298095703 0.775964021682739 0.76428359746933
-9999 -9999 -9999 -9999 -9999 -9999 -9999 -9999 -9999 -9999 -9999 -9999 -9999 -9999 -9999 -9999 0.623035430908203 0.631112515926361 0.637792646884918 0.641212165355682 0.648581147193909 0.659535527229309 0.666731059551239 0.671183705329895 0.676169395446777 0.68024480342865 0.686394155025482 0.704146921634674 0.726845026016235 0.753758668899536 0.769140839576721 0.773890316486359 0.779096245765686 0.781071782112122 0.780920028686523 0.781071782112122 0.777416706085205 0.769769668579102 0.764700472354889 0.761307537555695 0.760690569877625 0.761151373386383 0.761616826057434 0.761611998081207 0.761913299560547 0.764552712440491 0.76312643289566 0.76428359746933 0.769081592559814 0.775730431079865 0.782212793827057 0.787651538848877 0.777577221393585 0.778237700462341 0.769384503364563
-9999 -9999 -9999 -9999 -9999 -9999 -9999 -9999 -9999 -9999 -9999 -9999 -9999 -9999 -9999 -9999 -9999 -9999 0.637085855007172 0.643541216850281 0.652618825435638 0.661566257476807 0.664864778518677 0.672056615352631 0.676827251911163 0.681019127368927 0.687710702419281 0.70442122220993 0.721233665943146 0.737643778324127 0.750403046607971 0.76959615945816 0.785001218318939 0.787852764129639 0.789349555969238 0.786510229110718 0.782278478145599 0.775285363197327 0.770857572555542 0.766710102558136 0.761772930622101 0.759295761585236 0.76269942522049 0.766864061355591 0.769323110580444 0.766394317150116 0.765273809432983 0.763810276985168 0.771153032779694 0.781437814235687 0.7874636054039 0.790972769260406 0.78532886505127 0.786186814308167 0.772057592868805
-9999 -9999 -9999 -9999 -9999 -9999 -9999 -9999 -9999 -9999 -9999 -9999 -9999 -9999 -9999 -9999 -9999 -9999 -9999 0.650192677974701 0.658268928527832 0.668421030044556 0.67294979095459 0.679032564163208 0.681135296821594 0.684435307979584 0.692846894264221 0.711124122142792 0.726571261882782 0.735407531261444 0.751665532588959 0.772982120513916 0.790853440761566 0.794252693653107 0.79204648733139 0.783490717411041 0.783793389797211 0.780616819858551 0.770397305488586 0.76347279548645 0.759761393070221 0.759139120578766 0.760690569877625 0.769322991371155 0.768400907516479 0.7651646733284 0.763740599155426 0.769424915313721 0.770549297332764 0.777162730693817 0.788937509059906 0.799489438533783 0.792420446872711 0.789609730243683 0.772431254386902
-9999 -9999 -9999 -9999 -9999 -9999 -9999 -9999 -9999 -9999 -9999 -9999 -9999 -9999 -9999 -9999 -9999 -9999 -9999 -9999 -9999 0.671636760234833 0.681022346019745 0.683119833469391 0.686540067195892 0.693329989910126 0.716441690921783 0.746325552463531 0.768092095851898 0.778028428554535 0.778947055339813 0.779857933521271 0.789658010005951 0.798111796379089 0.792498350143433 0.786961913108826 0.78786438703537 0.781824588775635 0.772845685482025 0.764549136161804 0.759605407714844 0.760224103927612 0.764397323131561 0.776939988136292 0.764858067035675 0.764856934547424 0.763578057289124 0.771976113319397 0.781916797161102 0.781916797161102 0.788048326969147 0.793482065200806 0.790490388870239 0.788443446159363 0.786265969276428
