supmat2_scripts_points_rasters/rasters/pate4p5h.asc
NCOLS 360 
NROWS 480 
XLLCORNER 119.5 
YLLCORNER 21.5 
CELLSIZE 0.00833333333333333 
NODATA_value -9999 
[rows 96 to 119 of 480, columns 165 to 219 of 360]
0.746220707893372 0.757001042366028 0.753422379493713 0.74259877204895 0.732875525951385 0.725525975227356 0.719366729259491 0.705717861652374 0.685663104057312 0.680619120597839 0.688180923461914 0.680619120597839 0.684402942657471 0.695716679096222 0.69822233915329 0.701974153518677 0.700724422931671 0.694462716579437 0.699473857879639 0.704470813274384 0.696970045566559 0.700724422931671 0.691952288150787 0.691952288150787 0.685662925243378 0.679356575012207 0.681881010532379 0.684402942657471 0.645094752311707 0.61834979057312 0.564974725246429 0.595476686954498 0.640001535415649 0.634906649589539 0.575255513191223 0.557374835014343 0.579036295413971 0.603090107440948 0.606901407241821 0.543325662612915 0.509017884731293 0.552474856376648 0.492632955312729 0.420614272356033 0.344261795282364 0.350735366344452 0.315296649932861 0.296685695648193 0.283279538154602 0.246879786252975 0.207644954323769 0.195084720849991 0.211694523692131 0.228813469409943 0.243048846721649
0.768816232681274 0.781594634056091 0.779289364814758 0.761748731136322 0.747424960136414 0.734095811843872 0.724296569824219 0.71317857503891 0.688180923461914 0.690695941448212 0.690695941448212 0.685662925243378 0.683142304420471 0.69822233915329 0.694462716579437 0.695716679096222 0.705717861652374 0.703222930431366 0.705717861652374 0.700724422931671 0.689438819885254 0.688180923461914 0.679356575012207 0.679356575012207 0.665432333946228 0.632359027862549 0.631085157394409 0.667968511581421 0.59420919418335 0.562468409538269 0.577775418758392 0.606901407241821 0.609443962574005 0.567711055278778 0.529744148254395 0.528779864311218 0.51429682970047 0.523877561092377 0.499293595552444 0.468895494937897 0.513433218002319 0.542535305023193 0.493401408195496 0.390567779541016 0.373428523540497 0.393788903951645 0.322671324014664 0.266282916069031 0.255017578601837 0.230949699878693 0.204879596829414 0.219129294157028 0.253234684467316 0.285508424043655 0.277286380529404
0.696969866752625 0.791863679885864 0.789596855640411 0.772324919700623 0.753422379493713 0.73896324634552 0.727980971336365 0.716894865036011 0.705717742443085 0.704470813274384 0.703222930431366 0.686922371387482 0.693207919597626 0.700724422931671 0.699473857879639 0.694462716579437 0.694462716579437 0.701974153518677 0.694462716579437 0.681881010532379 0.673035025596619 0.673035025596619 0.670502722263336 0.641274988651276 0.61834979057312 0.572738111019135 0.632359027862549 0.647640466690063 0.585349321365356 0.59420919418335 0.608172476291656 0.584085643291473 0.540669500827789 0.495356261730194 0.484821230173111 0.448430210351944 0.451440751552582 0.443495810031891 0.43291899561882 0.488297551870346 0.539880454540253 0.46806812286377 0.424697786569595 0.464672565460205 0.450638175010681 0.415788769721985 0.325094372034073 0.316775977611542 0.267642140388489 0.220948994159698 0.242326691746712 0.287175714969635 0.262964755296707 0.328794568777084 0.305145889520645
0.758190512657166 0.769987821578979 0.762931168079376 0.670502722263336 0.659085214138031 0.716894865036011 0.701974153518677 0.700724422931671 0.703222930431366 0.696970045566559 0.700724422931671 0.695716679096222 0.699473857879639 0.703222930431366 0.694462716579437 0.696969866752625 0.699473857879639 0.690695941448212 0.669235825538635 0.662894606590271 0.675565242767334 0.674300372600555 0.664163649082184 0.659085214138031 0.601820170879364 0.563948214054108 0.601820170879364 0.652729630470276 0.650185585021973 0.645094752311707 0.608172476291656 0.538286149501801 0.467147380113602 0.433472096920013 0.400723546743393 0.389446437358856 0.434670239686966 0.457001566886902 0.470310300588608 0.504877328872681 0.486434817314148 0.391164153814316 0.401416331529617 0.403167873620987 0.360474914312363 0.392669141292572 0.377288490533829 0.324244379997253 0.259864956140518 0.249223008751869 0.302306175231934 0.311034917831421 0.268461644649506 0.323601305484772 0.371995002031326
0.737748563289642 0.734095811843872 0.724296569824219 0.71317857503891 0.704470813274384 0.705717742443085 0.695716857910156 0.686922371387482 0.684402942657471 0.690695941448212 0.699473857879639 0.696970045566559 0.69822233915329 0.701974153518677 0.704470992088318 0.693207919597626 0.681881010532379 0.694462716579437 0.685662925243378 0.678093254566193 0.660355389118195 0.652729630470276 0.609443962574005 0.638727784156799 0.605630695819855 0.553811609745026 0.608172476291656 0.636180400848389 0.637454152107239 0.648913204669952 0.59928160905838 0.517251074314117 0.463918060064316 0.424371749162674 0.39671465754509 0.400267243385315 0.412366837263107 0.418969810009003 0.391683638095856 0.468731701374054 0.420849502086639 0.340993732213974 0.343375265598297 0.325557380914688 0.305482655763626 0.322610318660736 0.309761822223663 0.259864956140518 0.269254446029663 0.302495211362839 0.351512521505356 0.345369935035706 0.313969284296036 0.36417618393898 0.414399832487106
0.726754069328308 0.721833944320679 0.716894865036011 0.705717742443085 0.696970045566559 0.699473857879639 0.694462716579437 0.684402942657471 0.686922192573547 0.69822233915329 0.689438819885254 0.695716679096222 0.696970045566559 0.69822233915329 0.693207919597626 0.680619120597839 0.671769082546234 0.681881010532379 0.671769082546234 0.64636766910553 0.641274988651276 0.611987352371216 0.568966746330261 0.609443783760071 0.613259434700012 0.567711055278778 0.591675460338593 0.592942118644714 0.589143455028534 0.605630695819855 0.625989973545074 0.572738111019135 0.533262550830841 0.477077543735504 0.422881066799164 0.390188723802567 0.363881081342697 0.344680458307266 0.368090361356735 0.441165149211884 0.353939294815063 0.280107021331787 0.267974495887756 0.265724658966064 0.254045605659485 0.253508269786835 0.238755658268929 0.231504410505295 0.283848792314529 0.356821238994598 0.365174114704132 0.388720095157623 0.399381637573242 0.398322284221649 0.379418104887009
0.721833944320679 0.71317857503891 0.705717861652374 0.703222930431366 0.696970045566559 0.694462716579437 0.693207919597626 0.684402942657471 0.693207919597626 0.701974153518677 0.693207919597626 0.699473857879639 0.690695941448212 0.681881010532379 0.686922371387482 0.655272662639618 0.628537595272064 0.64636766910553 0.654001295566559 0.637454152107239 0.59420919418335 0.553946971893311 0.563948214054108 0.589143455028534 0.573996484279633 0.551409721374512 0.513343513011932 0.506771504878998 0.539790868759155 0.601820170879364 0.591675460338593 0.507290244102478 0.516556918621063 0.514125823974609 0.433158278465271 0.36189204454422 0.308940798044205 0.276378214359283 0.318910747766495 0.397778779268265 0.366589486598969 0.335318624973297 0.293767482042313 0.233410701155663 0.20064015686512 0.215104639530182 0.223759815096855 0.259864956140518 0.280552357435226 0.345782697200775 0.301657527685165 0.298200100660324 0.307782351970673 0.326290339231491 0.328136920928955
0.719366729259491 0.714418411254883 0.633632838726044 0.703222930431366 0.704470992088318 0.705717861652374 0.701974153518677 0.710695743560791 0.704470992088318 0.701974153518677 0.704470992088318 0.703222930431366 0.701974153518677 0.696969866752625 0.694462716579437 0.683142304420471 0.660355389118195 0.651457726955414 0.633632838726044 0.606901407241821 0.547588050365448 0.548921048641205 0.577775418758392 0.551454842090607 0.527295708656311 0.464166700839996 0.432679772377014 0.480605691671371 0.521957635879517 0.585349321365356 0.580297768115997 0.480439841747284 0.452912032604218 0.418112605810165 0.3846215903759 0.33808434009552 0.266787976026535 0.23376627266407 0.286903440952301 0.327729552984238 0.307993501424789 0.279733031988144 0.288850635290146 0.264525860548019 0.199604824185371 0.235744655132294 0.274050921201706 0.314001709222794 0.353323966264725 0.362612783908844 0.29053321480751 0.22557145357132 0.218209758400917 0.231888994574547 0.23684486746788
0.715657114982605 0.718131363391876 0.71317857503891 0.70945280790329 0.714418411254883 0.711937725543976 0.719366729259491 0.720600962638855 0.706963837146759 0.69822233915329 0.69822233915329 0.693207919597626 0.689438819885254 0.686922371387482 0.666700541973114 0.676829516887665 0.678093254566193 0.643821656703949 0.614531695842743 0.547588050365448 0.511869966983795 0.541117668151855 0.537408828735352 0.490163505077362 0.475652545690536 0.451930910348892 0.488974928855896 0.551454842090607 0.572738111019135 0.590409338474274 0.49501970410347 0.467069685459137 0.433876663446426 0.397849529981613 0.35450404882431 0.277775645256042 0.239220321178436 0.229363605380058 0.209482744336128 0.250337600708008 0.296203821897507 0.277286380529404 0.222401708364487 0.244625389575958 0.202711060643196 0.194721132516861 0.229464337229729 0.262187004089355 0.31579601764679 0.359287977218628 0.293921530246735 0.25755962729454 0.205226123332977 0.177885621786118 0.158794343471527
0.708208799362183 0.716894865036011 0.718131363391876 0.71317857503891 0.721833944320679 0.721833944320679 0.718131363391876 0.715657234191895 0.71317857503891 0.711937725543976 0.703222930431366 0.690695941448212 0.680619120597839 0.664163649082184 0.636180400848389 0.680619120597839 0.66162520647049 0.619622826576233 0.547498047351837 0.518730759620667 0.534583985805511 0.498778462409973 0.457656711339951 0.424453258514404 0.39326000213623 0.398531436920166 0.472393304109573 0.555194437503815 0.517342686653137 0.514910161495209 0.485250473022461 0.40217325091362 0.390118986368179 0.419520169496536 0.364878445863724 0.30592742562294 0.306742310523987 0.285508424043655 0.21543861925602 0.198966309428215 0.224441513419151 0.231406569480896 0.200819820165634 0.197149753570557 0.181827053427696 0.209692567586899 0.229665920138359 0.240438774228096 0.288850635290146 0.357529103755951 0.336610466241837 0.306022793054581 0.25149405002594 0.219546034932137 0.152853146195412
0.705717861652374 0.714418411254883 0.71317857503891 0.715657114982605 0.726754069328308 0.721833944320679 0.718131363391876 0.720600962638855 0.714418411254883 0.710695743560791 0.710695743560791 0.699473857879639 0.671769082546234 0.614531695842743 0.622169435024261 0.674300372600555 0.64636766910553 0.571480214595795 0.533351898193359 0.566456019878387 0.53203159570694 0.494674831628799 0.420063018798828 0.329719573259354 0.305546164512634 0.368529170751572 0.434992760419846 0.504966497421265 0.51005893945694 0.423043727874756 0.421945810317993 0.365381449460983 0.417337149381638 0.396495461463928 0.340591877698898 0.328462570905685 0.301657527685165 0.258326172828674 0.260637104511261 0.203896924853325 0.172386735677719 0.195325821638107 0.179003924131393 0.165465265512466 0.173474222421646 0.210337415337563 0.256032139062881 0.294773370027542 0.337554126977921 0.320315718650818 0.258326172828674 0.294773370027542 0.294773370027542 0.214242562651634 0.153829127550125
0.703222930431366 0.70945280790329 0.708208799362183 0.719366729259491 0.723065793514252 0.724296569824219 0.71317857503891 0.708208799362183 0.688180923461914 0.695716679096222 0.694462716579437 0.665432333946228 0.609443783760071 0.59674459695816 0.659085214138031 0.657814621925354 0.613259434700012 0.585349321365356 0.595476686954498 0.590409338474274 0.567711055278778 0.509017884731293 0.416167736053467 0.326218694448471 0.280403852462769 0.334587812423706 0.402630925178528 0.488640487194061 0.520310044288635 0.504109263420105 0.496560513973236 0.469481766223907 0.430858910083771 0.360548198223114 0.295627146959305 0.24321436882019 0.230413362383842 0.200842291116714 0.231888994574547 0.203314587473869 0.156791150569916 0.150437653064728 0.169694527983665 0.215534135699272 0.223596855998039 0.256794959306717 0.310436248779297 0.325703084468842 0.302526712417603 0.260637104511261 0.227711021900177 0.2905333340168 0.266094595193863 0.200842291116714 0.187591671943665
0.703222930431366 0.706963837146759 0.70945280790329 0.715657114982605 0.710695743560791 0.708208799362183 0.690695941448212 0.675565242767334 0.674300372600555 0.69822233915329 0.678093254566193 0.632359027862549 0.563948035240173 0.601820170879364 0.660355389118195 0.654001295566559 0.640001356601715 0.624716401100159 0.601820290088654 0.584085643291473 0.579036295413971 0.508587956428528 0.447462528944016 0.37633615732193 0.30906879901886 0.308249205350876 0.363032877445221 0.436674118041992 0.515614449977875 0.445522725582123 0.392964482307434 0.413690000772476 0.398005992174149 0.299061596393585 0.248424902558327 0.191722124814987 0.160311937332153 0.169694527983665 0.201463520526886 0.172929719090462 0.146177113056183 0.136581495404243 0.182967275381088 0.23400217294693 0.270845681428909 0.297340571880341 0.318502068519592 0.275664865970612 0.228402897715569 0.216218411922455 0.203337296843529 0.240438774228096 0.285508424043655 0.260637104511261 0.233296006917953
0.715657114982605 0.719366729259491 0.720600962638855 0.715657234191895 0.715657234191895 0.704470813274384 0.689438819885254 0.660355389118195 0.680619120597839 0.675565242767334 0.655272662639618 0.603090107440948 0.562695205211639 0.617076933383942 0.64636766910553 0.606901407241821 0.568966746330261 0.563948035240173 0.514818668365479 0.47498419880867 0.551454842090607 0.461281508207321 0.361399590969086 0.343722403049469 0.290380567312241 0.31454062461853 0.376192629337311 0.466244131326675 0.506870210170746 0.396346926689148 0.314897894859314 0.358644783496857 0.390869706869125 0.301657527685165 0.246283605694771 0.194118082523346 0.155303716659546 0.146177113056183 0.155303716659546 0.141119360923767 0.139768064022064 0.158291384577751 0.182967275381088 0.225645944476128 0.284677654504776 0.262964755296707 0.249249994754791 0.249249994754791 0.20585909485817 0.163386270403862 0.181259304285049 0.229791983962059 0.278100103139877 0.225645944476128 0.187591671943665
0.715657114982605 0.716894865036011 0.715657234191895 0.708208799362183 0.688180923461914 0.669235825538635 0.683142304420471 0.696970045566559 0.683142304420471 0.656543791294098 0.620895981788635 0.549984693527222 0.570223152637482 0.625989973545074 0.622169435024261 0.572738111019135 0.499720126390457 0.473978281021118 0.460452944040298 0.428952664136887 0.521442294120789 0.460623621940613 0.377212911844254 0.301311820745468 0.293829083442688 0.341677904129028 0.392513900995255 0.485846757888794 0.44917094707489 0.35248601436615 0.271644204854965 0.303397804498672 0.353736400604248 0.315503060817719 0.261411100625992 0.23471012711525 0.180128514766693 0.162870228290558 0.131737276911736 0.143857941031456 0.165465265512466 0.194721132516861 0.207130178809166 0.261411100625992 0.266881734132767 0.213587418198586 0.171305269002914 0.203965231776237 0.194118082523346 0.145245343446732 0.155798077583313 0.194118082523346 0.236844792962074 0.254512041807175 0.220889270305634
0.71317857503891 0.710695743560791 0.705717861652374 0.690695941448212 0.651457726955414 0.655272662639618 0.659085214138031 0.694462716579437 0.664163649082184 0.631085157394409 0.595476686954498 0.53053605556488 0.59420919418335 0.620896100997925 0.581559777259827 0.552700638771057 0.441724270582199 0.391094326972961 0.383817195892334 0.479262560606003 0.475574165582657 0.384406894445419 0.36931911110878 0.294618993997574 0.315177798271179 0.361752331256866 0.431336253881454 0.473319441080093 0.402330905199051 0.320315718650818 0.249249994754791 0.230489209294319 0.269254446029663 0.245546624064445 0.254512041807175 0.210983976721764 0.187008038163185 0.168628245592117 0.139320284128189 0.152367249131203 0.178443983197212 0.209692567586899 0.246283605694771 0.243346631526947 0.213587418198586 0.167040005326271 0.131482005119324 0.157789871096611 0.141572445631027 0.148530334234238 0.176219806075096 0.203337296843529 0.2084079682827 0.241162985563278 0.230489209294319
0.711937725543976 0.711937725543976 0.696969866752625 0.667968511581421 0.633632838726044 0.623442828655243 0.676829516887665 0.675565242767334 0.643821656703949 0.598012924194336 0.534494698047638 0.552565217018127 0.598012924194336 0.579036295413971 0.506342232227325 0.507290244102478 0.447622358798981 0.367027193307877 0.382563531398773 0.492465168237686 0.386701911687851 0.303240031003952 0.287175714969635 0.267670750617981 0.325495988130569 0.38796454668045 0.400203943252563 0.439481943845749 0.383082956075668 0.293921530246735 0.25149405002594 0.250744193792343 0.228402897715569 0.212282299995422 0.212934002280235 0.187008038163185 0.179565399885178 0.160820677876472 0.123659990727901 0.146177113056183 0.174567818641663 0.202086418867111 0.237560033798218 0.212282299995422 0.188763782382011 0.170766845345497 0.134048491716385 0.121307328343391 0.126410573720932 0.166513606905937 0.20585909485817 0.220889270305634 0.209049418568611 0.193516656756401 0.174567818641663
0.710695743560791 0.693207919597626 0.670502722263336 0.633632838726044 0.634906649589539 0.648913204669952 0.678093254566193 0.654001295566559 0.614531695842743 0.531942486763 0.511869966983795 0.580297768115997 0.584085643291473 0.5539470911026 0.470059961080551 0.414927661418915 0.390869706869125 0.323336064815521 0.405455350875854 0.458814740180969 0.35012412071228 0.288012206554413 0.252245754003525 0.269254446029663 0.324054092168808 0.316467702388763 0.325569808483124 0.420622199773788 0.379631042480469 0.358790814876556 0.3435238301754 0.308665007352829 0.302526712417603 0.285508424043655 0.281373590230942 0.240438774228096 0.195932149887085 0.152853146195412 0.128409847617149 0.152367204427719 0.177885621786118 0.196540132164955 0.21489942073822 0.157289788126945 0.137100964784622 0.149481222033501 0.136222392320633 0.0857111439108849 0.0876782163977623 0.145710572600365 0.197761088609695 0.169694527983665 0.142939746379852 0.141572445631027 0.145245343446732
0.703222930431366 0.662894606590271 0.632359027862549 0.606901407241821 0.624716401100159 0.667968511581421 0.654001295566559 0.608172476291656 0.543505191802979 0.491097748279572 0.528255999088287 0.580297768115997 0.53608512878418 0.468395709991455 0.441966354846954 0.37991988658905 0.330118656158447 0.361825793981552 0.426666587591171 0.4216368496418 0.383671790361404 0.359844475984573 0.320402801036835 0.259094595909119 0.232591643929482 0.259094685316086 0.350958108901978 0.389608323574066 0.377878785133362 0.375837564468384 0.359214901924133 0.359002828598022 0.317598164081573 0.302526712417603 0.274856954813004 0.218209758400917 0.192318648099899 0.156791150569916 0.123805269598961 0.118637271225452 0.141572490334511 0.170229941606522 0.194721132516861 0.167040005326271 0.134048491716385 0.10986951738596 0.0834700167179108 0.0827415883541107 0.0874916091561317 0.147114276885986 0.168628245592117 0.135785043239594 0.115214370191097 0.128130555152893 0.154319241642952
0.679356575012207 0.662894606590271 0.623442828655243 0.603090107440948 0.637454152107239 0.667968511581421 0.642548382282257 0.605630695819855 0.540848731994629 0.490674555301666 0.53767716884613 0.538733661174774 0.471978038549423 0.427452385425568 0.361825793981552 0.308313131332397 0.320533365011215 0.33808434009552 0.374232739210129 0.364028632640839 0.325693577528 0.293921530246735 0.296327859163284 0.239716365933418 0.191722124814987 0.256032139062881 0.331048965454102 0.320315718650818 0.276474684476852 0.261411100625992 0.272444546222687 0.307782351970673 0.281373590230942 0.231888994574547 0.244811460375786 0.241889014840126 0.180693134665489 0.135348990559578 0.111779563128948 0.111728250980377 0.134914174675941 0.128960967063904 0.157289788126945 0.181259304285049 0.14664500951767 0.113885514438152 0.117298118770123 0.110639996826649 0.084064207971096 0.113934867084026 0.128545120358467 0.0854886695742607 0.0899848490953445 0.125668972730637 0.116077169775963
0.656543791294098 0.604360222816467 0.622169435024261 0.592942118644714 0.645094752311707 0.650185585021973 0.633632838726044 0.579036295413971 0.490930169820786 0.485925853252411 0.51005893945694 0.45782670378685 0.43395921587944 0.38116779923439 0.324380159378052 0.255271166563034 0.276474684476852 0.281373590230942 0.304543614387512 0.296936541795731 0.310330659151077 0.235419884324074 0.203337296843529 0.188763782382011 0.175116926431656 0.227711021900177 0.279733031988144 0.244078144431114 0.1989885866642 0.194118082523346 0.240438774228096 0.242616876959801 0.23400217294693 0.2084079682827 0.187008038163185 0.214242562651634 0.197761088609695 0.16442283987999 0.121929787099361 0.107911720871925 0.11688981205225 0.102451801300049 0.134048491716385 0.129378020763397 0.154319241642952 0.147114276885986 0.135785043239594 0.114629738032818 0.0833123847842216 0.0807849019765854 0.0744993835687637 0.080727331340313 0.0787037834525108 0.0897518396377563 0.131482005119324
0.606901407241821 0.569267511367798 0.570706307888031 0.609443962574005 0.64636766910553 0.623442828655243 0.576515138149261 0.572738111019135 0.523179769515991 0.458976864814758 0.462932616472244 0.409599721431732 0.363032877445221 0.33472004532814 0.286310911178589 0.229096561670303 0.203337296843529 0.224961146712303 0.218209758400917 0.225645944476128 0.265309244394302 0.23400217294693 0.172929719090462 0.155250087380409 0.187008038163185 0.212282299995422 0.212934002280235 0.228402897715569 0.180693134665489 0.162870228290558 0.188176885247231 0.218209758400917 0.185845598578453 0.187591671943665 0.162355646491051 0.170766845345497 0.158291384577751 0.149481222033501 0.117513917386532 0.084583505988121 0.0793982222676277 0.0790784806013107 0.084324486553669 0.0854488387703896 0.13361756503582 0.122852608561516 0.107637524604797 0.116633854806423 0.103975273668766 0.0791914165019989 0.0655741095542908 0.0641315281391144 0.0775535255670547 0.118475273251534 0.172929719090462
0.579338312149048 0.529999315738678 0.562008380889893 0.625989973545074 0.62853741645813 0.598012924194336 0.558714926242828 0.493313103914261 0.501009404659271 0.450959056615829 0.396800339221954 0.364028632640839 0.305546164512634 0.272444546222687 0.229791983962059 0.174349501729012 0.148572325706482 0.179565474390984 0.183539763092995 0.170229941606522 0.212934002280235 0.185845598578453 0.141972780227661 0.112139418721199 0.139811053872108 0.136859461665154 0.162355646491051 0.191127225756645 0.160820677876472 0.124807290732861 0.13962197303772 0.155798077583313 0.131947368383408 0.121783368289471 0.128911435604095 0.128349781036377 0.0897079706192017 0.115375615656376 0.0815349519252777 0.0699586197733879 0.0644552707672119 0.0633847787976265 0.0591998696327209 0.0724018514156342 0.118160456418991 0.116633854806423 0.0781650692224503 0.0715961456298828 0.0683419108390808 0.0560725703835487 0.0626900196075439 0.0794548913836479 0.122852563858032 0.155303716659546 0.183539763092995
0.526490211486816 0.554417729377747 0.59420919418335 0.617076933383942 0.59674459695816 0.541817605495453 0.511609613895416 0.478086709976196 0.424461245536804 0.419835984706879 0.361259877681732 0.30812132358551 0.246283605694771 0.219546034932137 0.180026441812515 0.159853130578995 0.182967275381088 0.166513606905937 0.177328795194626 0.166513606905937 0.148410141468048 0.138089701533318 0.0900443941354752 0.0729871243238449 0.0889887809753418 0.083802692592144 0.12861268222332 0.133720636367798 0.129149079322815 0.126493543386459 0.124550081789494 0.117893278598785 0.083349272608757 0.0824657306075096 0.0855474323034286 0.0781439691781998 0.0773322805762291 0.080995686352253 0.0797192007303238 0.0705788880586624 0.062286589294672 0.0486724823713303 0.0549519062042236 0.0725056156516075 0.105941690504551 0.103806748986244 0.0687847808003426 0.0522693358361721 0.0484031029045582 0.0570375546813011 0.0816712900996208 0.11475146561861 0.138428598642349 0.169694527983665 0.1443190574646
