supmat2_scripts_points_rasters/rasters/pate4p5h.asc
NCOLS 360 
NROWS 480 
XLLCORNER 119.5 
YLLCORNER 21.5 
CELLSIZE 0.00833333333333333 
NODATA_value -9999 
[rows 312 to 335 of 480, columns 110 to 164 of 360]
0.732452630996704 0.726583778858185 0.724299073219299 0.736110925674438 0.728419423103333 0.715816259384155 0.714394211769104 0.741301298141479 0.754627883434296 0.714825987815857 0.742072701454163 0.764882683753967 0.763108491897583 0.764620959758759 0.762592256069183 0.757250607013702 0.757594227790833 0.740242600440979 0.734505593776703 0.740853071212769 0.702274441719055 0.656727850437164 0.670695185661316 0.673864662647247 0.669615805149078 0.678387939929962 0.675860166549683 0.666085302829742 0.544886112213135 0.517743527889252 0.617817163467407 0.57697731256485 0.528766810894012 0.501859784126282 0.378202021121979 0.275070011615753 0.279706746339798 0.335413813591003 0.338116943836212 0.344727337360382 0.263510823249817 0.246133401989937 0.193118199706078 0.143907114863396 0.157991722226143 0.152771636843681 0.202212795615196 0.217201516032219 0.142832472920418 0.0874691903591156 0.0734416916966438 0.0767638832330704 0.0710665434598923 0.0867287591099739 0.0780507698655128
0.73114001750946 0.719982028007507 0.712547421455383 0.716265261173248 0.72305953502655 0.71475213766098 0.714660406112671 0.74398010969162 0.753344893455505 0.748968422412872 0.763869345188141 0.76454222202301 0.765633285045624 0.763607263565063 0.760900497436523 0.759460091590881 0.758184492588043 0.74559873342514 0.741104483604431 0.747837901115417 0.72504711151123 0.665343523025513 0.688558280467987 0.692338049411774 0.675673007965088 0.683707237243652 0.683707237243652 0.670788943767548 0.617167055606842 0.61880761384964 0.624089241027832 0.574365019798279 0.466472655534744 0.356121063232422 0.306600391864777 0.257500529289246 0.240253686904907 0.247980266809464 0.268037676811218 0.318995982408524 0.305935978889465 0.281523793935776 0.230160757899284 0.155429601669312 0.114225335419178 0.151283144950867 0.192993804812431 0.193638280034065 0.170147836208344 0.114230692386627 0.0897925421595573 0.0845223963260651 0.0748355910181999 0.0693754106760025 0.072469025850296
0.742618680000305 0.724563241004944 0.715118765830994 0.713255047798157 0.719442844390869 0.733746111392975 0.731557130813599 0.752574145793915 0.759556412696838 0.761163532733917 0.765467464923859 0.765214502811432 0.765127301216125 0.76191771030426 0.759969770908356 0.757506191730499 0.756227552890778 0.754946887493134 0.752042829990387 0.740323543548584 0.706008434295654 0.683782279491425 0.697262048721313 0.701737761497498 0.696371078491211 0.691528677940369 0.690988898277283 0.676394164562225 0.658186733722687 0.652103304862976 0.605089843273163 0.497301787137985 0.482952266931534 0.354647368192673 0.274998605251312 0.245816722512245 0.207014188170433 0.203715816140175 0.239254638552666 0.23180316388607 0.231647446751595 0.244640782475471 0.230947270989418 0.163150578737259 0.103340148925781 0.128024637699127 0.169150233268738 0.159288883209229 0.147272288799286 0.120136514306068 0.10683635622263 0.0853264182806015 0.0677230358123779 0.072176069021225 0.082173578441143
0.738200724124908 0.736633777618408 0.724563241004944 0.718829870223999 0.730342924594879 0.738012075424194 0.746053516864777 0.759222209453583 0.761338651180267 0.76294219493866 0.767401576042175 0.767566919326782 0.764367640018463 0.762171804904938 0.757761716842651 0.755971550941467 0.753496110439301 0.749040007591248 0.75007164478302 0.738067030906677 0.731005489826202 0.688549280166626 0.712769210338593 0.7094846367836 0.703606486320496 0.69600909948349 0.693770051002502 0.654910624027252 0.563851296901703 0.538951516151428 0.531734883785248 0.398615717887878 0.340161621570587 0.299188047647476 0.328715264797211 0.288314998149872 0.253780990839005 0.229407846927643 0.208519145846367 0.152692586183548 0.154615581035614 0.165672138333321 0.209441781044006 0.162083312869072 0.102400936186314 0.11713071167469 0.159828513860703 0.133081212639809 0.0965458527207375 0.100219413638115 0.104929365217686 0.102959342300892 0.0894330143928528 0.086790420114994 0.103951349854469
0.733673393726349 0.71874725818634 0.699986696243286 0.717328250408173 0.734188735485077 0.741049885749817 0.752068758010864 0.761259615421295 0.765223026275635 0.7653888463974 0.767906010150909 0.767062246799469 0.764114260673523 0.756147980690002 0.75384122133255 0.747668504714966 0.746803760528564 0.74257504940033 0.739802598953247 0.721080005168915 0.71559727191925 0.725566148757935 0.722750604152679 0.714092314243317 0.706543743610382 0.702802062034607 0.698069095611572 0.631166160106659 0.492144912481308 0.3841532766819 0.358965665102005 0.308800995349884 0.287613689899445 0.291557878255844 0.354589134454727 0.301784962415695 0.294961601495743 0.266099184751511 0.221525996923447 0.161381781101227 0.124432325363159 0.140325337648392 0.183890044689178 0.173419266939163 0.117812432348728 0.11499934643507 0.146663755178452 0.106857150793076 0.0941901504993439 0.10199623554945 0.0894111543893814 0.0903874710202217 0.0793017074465752 0.0934847295284271 0.120443053543568
0.734197437763214 0.722803950309753 0.711306035518646 0.711214065551758 0.711030185222626 0.725164711475372 0.752839922904968 0.761259615421295 0.765476047992706 0.765641808509827 0.767149209976196 0.767062246799469 0.76242583990097 0.755635917186737 0.749475836753845 0.746634185314178 0.741624772548676 0.738327980041504 0.72951865196228 0.733711004257202 0.734840154647827 0.728720486164093 0.722568392753601 0.716303408145905 0.716303408145905 0.709125459194183 0.697976410388947 0.598629355430603 0.44123038649559 0.365410566329956 0.313185274600983 0.285783588886261 0.31213504076004 0.298186480998993 0.33203536272049 0.302403092384338 0.245932474732399 0.232022300362587 0.23191337287426 0.21039704978466 0.156556829810143 0.120379574596882 0.136516138911247 0.145460307598114 0.104239426553249 0.0952136218547821 0.101137354969978 0.100759439170361 0.116941817104816 0.135179445147514 0.113513574004173 0.0855674147605896 0.0844809636473656 0.0992827862501144 0.125480651855469
0.734459340572357 0.714678227901459 0.706237852573395 0.66410219669342 0.686515867710114 0.743040025234222 0.758377552032471 0.761426329612732 0.765894711017609 0.765135824680328 0.769495666027069 0.767480134963989 0.761242568492889 0.753929674625397 0.748701691627502 0.743013858795166 0.740413308143616 0.73589563369751 0.733629405498505 0.730479836463928 0.729337513446808 0.728193879127502 0.725821316242218 0.722568392753601 0.723097443580627 0.713118493556976 0.679539322853088 0.611060321331024 0.489333301782608 0.472494751214981 0.368632972240448 0.295018643140793 0.328023552894592 0.368542194366455 0.35479936003685 0.35146701335907 0.280958652496338 0.242464706301689 0.203753277659416 0.198694601655006 0.175053596496582 0.110198326408863 0.100168325006962 0.123459927737713 0.105072103440762 0.0869927480816841 0.105985507369041 0.125709488987923 0.149059310555458 0.151490360498428 0.149606168270111 0.110641345381737 0.10473108291626 0.0905777737498283 0.106807962059975
0.722365975379944 0.688417553901672 0.62598592042923 0.646014273166656 0.719534277915955 0.751474142074585 0.761513948440552 0.761934757232666 0.765135824680328 0.76765388250351 0.768740475177765 0.766051828861237 0.760988175868988 0.754186272621155 0.749475836753845 0.743792653083801 0.739290118217468 0.742664575576782 0.73493903875351 0.729781687259674 0.728111863136292 0.725302219390869 0.726703405380249 0.727667033672333 0.728892982006073 0.715771615505219 0.682605504989624 0.607698082923889 0.567335367202759 0.534709215164185 0.439971148967743 0.29781699180603 0.336293935775757 0.427588284015656 0.401168882846832 0.307030588388443 0.258535772562027 0.247175022959709 0.201562598347664 0.145853728055954 0.135482788085938 0.131279498338699 0.102448217570782 0.0877353250980377 0.087507851421833 0.0959781184792519 0.118663348257542 0.153743609786034 0.175730511546135 0.1684250831604 0.173969119787216 0.141916960477829 0.118363820016384 0.0945009365677834 0.111468113958836
0.702310562133789 0.621797442436218 0.631722509860992 0.713787794113159 0.716173768043518 0.751474142074585 0.762022316455841 0.761171996593475 0.766983807086945 0.765720427036285 0.767314612865448 0.766051828861237 0.764786899089813 0.758017122745514 0.756059765815735 0.752902448177338 0.75315934419632 0.745428919792175 0.735633909702301 0.729255557060242 0.73012638092041 0.728021144866943 0.726703405380249 0.727667033672333 0.72810310125351 0.720806181430817 0.685126662254333 0.610966145992279 0.618242383003235 0.533477008342743 0.369490176439285 0.298977941274643 0.3399438560009 0.417390435934067 0.382828056812286 0.259076923131943 0.220249786973 0.196722850203514 0.167918652296066 0.106155306100845 0.100473284721375 0.121416844427586 0.128999426960945 0.108059585094452 0.0901491567492485 0.101969048380852 0.13140182197094 0.165037557482719 0.197083875536919 0.205926835536957 0.170140117406845 0.141883358359337 0.117951445281506 0.0917162373661995 0.113829128444195
0.670900940895081 0.613425195217133 0.695868730545044 0.721918880939484 0.726838529109955 0.752671360969543 0.761259615421295 0.765135824680328 0.763615846633911 0.765467464923859 0.7668097615242 0.767227649688721 0.76647013425827 0.763099908828735 0.763353645801544 0.764367640018463 0.755803763866425 0.742404758930206 0.736499845981598 0.732752561569214 0.73257178068161 0.728457093238831 0.72793036699295 0.729419231414795 0.730380475521088 0.721947908401489 0.697429299354553 0.659984469413757 0.592469215393066 0.438183337450027 0.352912217378616 0.332922339439392 0.413647174835205 0.443559199571609 0.400940537452698 0.299981564283371 0.221777155995369 0.166484400629997 0.125468909740448 0.101299837231636 0.0989524871110916 0.131854563951492 0.15595380961895 0.155565172433853 0.132037281990051 0.125589177012444 0.142234206199646 0.181643590331078 0.195475831627846 0.215189516544342 0.169450685381889 0.125390529632568 0.102834545075893 0.0998180881142616 0.114946655929089
0.622250199317932 0.665098547935486 0.704631149768829 0.688408374786377 0.711471855640411 0.753096699714661 0.761680543422699 0.763703227043152 0.76454222202301 0.764454960823059 0.764114260673523 0.764114260673523 0.766304552555084 0.767227828502655 0.770076811313629 0.763773441314697 0.75613933801651 0.746625483036041 0.739452183246613 0.734930336475372 0.732834100723267 0.730298638343811 0.730208098888397 0.730643332004547 0.730208218097687 0.721683204174042 0.696083664894104 0.621326327323914 0.496141970157623 0.458403885364532 0.465193599462509 0.38736230134964 0.440170019865036 0.441061556339264 0.32851630449295 0.262048542499542 0.218178763985634 0.192879185080528 0.151269257068634 0.136542305350304 0.112428270280361 0.110094472765923 0.134334832429886 0.168150171637535 0.185200199484825 0.186027929186821 0.167659729719162 0.170362770557404 0.203176841139793 0.22617769241333 0.190513789653778 0.135518163442612 0.118195921182632 0.122379958629608 0.108618132770061
0.662193834781647 0.709796547889709 0.707391262054443 0.681109368801117 0.72648411989212 0.757699429988861 0.761680543422699 0.763449609279633 0.766138911247253 0.762679755687714 0.76242583990097 0.765127301216125 0.767819285392761 0.768236637115479 0.766975402832031 0.762758672237396 0.75357586145401 0.745589971542358 0.740664839744568 0.736148297786713 0.7338827252388 0.732309281826019 0.732481241226196 0.730470955371857 0.728720486164093 0.72335296869278 0.694198191165924 0.617139458656311 0.471889764070511 0.51190310716629 0.544601798057556 0.503375351428986 0.423952788114548 0.453052490949631 0.405896246433258 0.260883092880249 0.21430915594101 0.211419358849525 0.176029399037361 0.170085027813911 0.113215528428555 0.110299661755562 0.142426788806915 0.170896142721176 0.198562607169151 0.218835055828094 0.227115675806999 0.18807028234005 0.213323220610619 0.238205939531326 0.200995981693268 0.165373921394348 0.152454987168312 0.129419580101967 0.114918954670429
0.715384781360626 0.712280869483948 0.706321060657501 0.720859587192535 0.743040025234222 0.759652853012085 0.761426329612732 0.763449609279633 0.767149209976196 0.769998550415039 0.768158137798309 0.770250082015991 0.766391634941101 0.762513339519501 0.764026939868927 0.761146485805511 0.756642580032349 0.749716401100159 0.742046594619751 0.736319661140442 0.735273420810699 0.733006000518799 0.732481241226196 0.72924667596817 0.729419231414795 0.729410350322723 0.703588366508484 0.566601455211639 0.462254911661148 0.555616021156311 0.566257178783417 0.519992113113403 0.487160444259644 0.45599502325058 0.353481024503708 0.279653668403625 0.246201425790787 0.217257916927338 0.203586682677269 0.183134719729424 0.1368547976017 0.115127146244049 0.140836417675018 0.172593533992767 0.213410511612892 0.241645336151123 0.253014653921127 0.220712080597878 0.213090926408768 0.245049059391022 0.233738347887993 0.220418348908424 0.201396390795708 0.163629174232483 0.149193271994591
0.732271909713745 0.691462874412537 0.679210960865021 0.719351470470428 0.750097632408142 0.763877809047699 0.766400158405304 0.771254539489746 0.773751556873322 0.769322276115417 0.766383230686188 0.764280498027802 0.765371918678284 0.760725080966949 0.760804355144501 0.759020864963531 0.753142118453979 0.747481822967529 0.742306530475616 0.737103700637817 0.733096361160278 0.733530342578888 0.731956422328949 0.728193759918213 0.72793048620224 0.723881661891937 0.693566381931305 0.613133609294891 0.471466243267059 0.484415769577026 0.557132720947266 0.471438884735107 0.407247334718704 0.321400135755539 0.312841862440109 0.300289064645767 0.233672097325325 0.228726014494896 0.227690130472183 0.207194790244102 0.196759179234505 0.158766359090805 0.144656360149384 0.177499666810036 0.205237776041031 0.228642091155052 0.260315179824829 0.247251138091087 0.231777876615524 0.265446960926056 0.217413693666458 0.181563630700111 0.190259426832199 0.188743785023689 0.193238377571106
0.727892696857452 0.701940715312958 0.707022726535797 0.7381831407547 0.762188851833344 0.769504070281982 0.7690789103508 0.770328044891357 0.76562488079071 0.762837707996368 0.760892033576965 0.761821687221527 0.760040462017059 0.758255302906036 0.754337072372437 0.754080533981323 0.74945855140686 0.744553327560425 0.738840878009796 0.735101878643036 0.734316408634186 0.731259167194366 0.729156017303467 0.724683105945587 0.727140009403229 0.723088502883911 0.69086879491806 0.607679605484009 0.508854389190674 0.494009137153625 0.517112851142883 0.528904139995575 0.423944920301437 0.289940536022186 0.350337892770767 0.361507087945938 0.254366010427475 0.256432950496674 0.284664511680603 0.228731051087379 0.222474575042725 0.209547534584999 0.199082136154175 0.183427229523659 0.219692602753639 0.234939500689507 0.264084428548813 0.280568957328796 0.268026292324066 0.25785306096077 0.2059645652771 0.168228641152382 0.140970140695572 0.155426010489464 0.16807933151722
0.695135533809662 0.704613208770752 0.726829767227173 0.751634240150452 0.770509719848633 0.77150559425354 0.771332561969757 0.768314957618713 0.761996805667877 0.760215997695923 0.759196639060974 0.758431255817413 0.75689834356308 0.756298542022705 0.753567218780518 0.747740268707275 0.744553446769714 0.738840878009796 0.735363602638245 0.73257178068161 0.72924667596817 0.727666914463043 0.726876378059387 0.724856197834015 0.72133594751358 0.731332063674927 0.72079735994339 0.687999606132507 0.601149380207062 0.584774971008301 0.539638936519623 0.547342121601105 0.407311320304871 0.267057150602341 0.356826722621918 0.411970674991608 0.371093779802322 0.357204794883728 0.365215688943863 0.330130577087402 0.278957188129425 0.237543493509293 0.238829836249352 0.208092719316483 0.212149813771248 0.242108583450317 0.295277506113052 0.323692053556442 0.245403438806534 0.21959824860096 0.198740094900131 0.158844515681267 0.149426251649857 0.139683246612549 0.135890066623688
0.687495350837708 0.701663434505463 0.730415761470795 0.752485692501068 0.776084542274475 0.774001598358154 0.771998763084412 0.762846112251282 0.751962721347809 0.750160455703735 0.748612761497498 0.74929803609848 0.750667214393616 0.750063061714172 0.746625602245331 0.741445541381836 0.738148093223572 0.73388260602951 0.730824291706085 0.726002991199493 0.725211262702942 0.728366315364838 0.72512024641037 0.723535001277924 0.722212612628937 0.72931969165802 0.726340055465698 0.670029819011688 0.6728435754776 0.65961766242981 0.614961802959442 0.515202760696411 0.317725718021393 0.27711233496666 0.341048866510391 0.419111996889114 0.444932460784912 0.434104293584824 0.444940686225891 0.445510566234589 0.375163316726685 0.339731365442276 0.270313858985901 0.239715337753296 0.218118578195572 0.240089327096939 0.319056481122971 0.284454852342606 0.267850816249847 0.246823891997337 0.223927661776543 0.215844079852104 0.196510642766953 0.168189376592636 0.153425127267838
0.691537797451019 0.713852882385254 0.740601360797882 0.760487616062164 0.779556334018707 0.773751556873322 0.76470822095871 0.754787445068359 0.746901631355286 0.743362963199615 0.741113305091858 0.74448150396347 0.743703246116638 0.744562089443207 0.740583956241608 0.735805511474609 0.732752561569214 0.729863405227661 0.726703405380249 0.72133594751358 0.72133594751358 0.721509516239166 0.722212433815002 0.718154013156891 0.718858778476715 0.727740049362183 0.721674263477325 0.619940519332886 0.612672030925751 0.58188396692276 0.539813041687012 0.408116042613983 0.451564520597458 0.420027703046799 0.452722489833832 0.428776890039444 0.453543573617935 0.418496876955032 0.387129545211792 0.428636938333511 0.450221002101898 0.431340485811234 0.388631790876389 0.309050053358078 0.253149539232254 0.28178083896637 0.366956800222397 0.326646447181702 0.248245671391487 0.230017319321632 0.238344669342041 0.198781132698059 0.166040912270546 0.176156058907509 0.169557735323906
0.709235429763794 0.719159841537476 0.745696723461151 0.767401576042175 0.780214309692383 0.769998669624329 0.761330246925354 0.749395668506622 0.747329711914062 0.742843627929688 0.74059271812439 0.743013858795166 0.741454303264618 0.737463712692261 0.736851215362549 0.734234988689423 0.729863405227661 0.726266860961914 0.72512024641037 0.722038984298706 0.720276176929474 0.71841949224472 0.716651797294617 0.71452397108078 0.714166045188904 0.717788219451904 0.708121597766876 0.604856073856354 0.511095941066742 0.411141932010651 0.374790847301483 0.448444783687592 0.534609019756317 0.496167868375778 0.493098050355911 0.468030601739883 0.455095052719116 0.339022725820541 0.311370015144348 0.300578087568283 0.384909480810165 0.424228847026825 0.428333103656769 0.380798667669296 0.38730576634407 0.37387552857399 0.352057099342346 0.235834836959839 0.202005594968796 0.199437975883484 0.234168410301208 0.218538612127304 0.199437975883484 0.16769503057003 0.14080622792244
0.727611601352692 0.733294665813446 0.753167986869812 0.772422134876251 0.779470860958099 0.771583616733551 0.758448243141174 0.746303737163544 0.746036112308502 0.74128383398056 0.741714417934418 0.741714417934418 0.738939583301544 0.73589563369751 0.734063327312469 0.732399821281433 0.726002991199493 0.723626136779785 0.723535001277924 0.719215512275696 0.717888534069061 0.714790165424347 0.714257776737213 0.714432239532471 0.706525802612305 0.702590107917786 0.705538272857666 0.630308449268341 0.548566997051239 0.427083671092987 0.468316078186035 0.529859781265259 0.555163264274597 0.479137510061264 0.35301947593689 0.360062509775162 0.384595572948456 0.248825550079346 0.241948455572128 0.22922982275486 0.260265082120895 0.349324941635132 0.351135343313217 0.348786890506744 0.37934610247612 0.324867397546768 0.28179270029068 0.229100599884987 0.177417293190956 0.193309843540192 0.208320319652557 0.210110455751419 0.189699411392212 0.180745348334312 0.157765612006187
0.748371958732605 0.745955646038055 0.750338077545166 0.772586166858673 0.778229892253876 0.771332681179047 0.759380877017975 0.747677266597748 0.74741005897522 0.744651615619659 0.741714417934418 0.740152835845947 0.737634837627411 0.73554390668869 0.73196542263031 0.729600548744202 0.72845721244812 0.723626136779785 0.720541179180145 0.71691757440567 0.717531442642212 0.713458895683289 0.711859703063965 0.710258781909943 0.710967540740967 0.713799118995667 0.694626152515411 0.629666924476624 0.597145736217499 0.513269245624542 0.574133217334747 0.561402916908264 0.511553049087524 0.364848107099533 0.248302072286606 0.261509418487549 0.283671379089355 0.223550453782082 0.190738514065742 0.179963856935501 0.213503882288933 0.238133504986763 0.239577382802963 0.206068798899651 0.224940478801727 0.257383108139038 0.216501668095589 0.239859953522682 0.2123142182827 0.185976639389992 0.179734170436859 0.167350679636002 0.177339002490044 0.155631259083748 0.126810759305954
0.734252572059631 0.752139985561371 0.762600839138031 0.773251175880432 0.779300093650818 0.768653690814972 0.757682263851166 0.745267868041992 0.749128937721252 0.746375441551208 0.743613958358765 0.740152835845947 0.738067030906677 0.734496891498566 0.729863584041595 0.727494359016418 0.727140009403229 0.723535180091858 0.717183232307434 0.71452397108078 0.715936899185181 0.71159303188324 0.708923399448395 0.70678436756134 0.706249117851257 0.714506149291992 0.69219982624054 0.668387532234192 0.623845517635345 0.580519199371338 0.604225397109985 0.541481554508209 0.42124530673027 0.267145454883575 0.249415874481201 0.233593106269836 0.229034155607224 0.178438141942024 0.13960400223732 0.146775498986244 0.180846467614174 0.210452005267143 0.19717974960804 0.167907178401947 0.206398844718933 0.194580763578415 0.17242506146431 0.186630934476852 0.211001768708229 0.200353682041168 0.179371848702431 0.15865820646286 0.14698725938797 0.162586033344269 0.142555296421051
0.745437681674957 0.75205135345459 0.766644239425659 0.775327980518341 0.777647256851196 0.767645478248596 0.756659746170044 0.744919419288635 0.750329375267029 0.746116578578949 0.743613958358765 0.740323543548584 0.738238036632538 0.733186721801758 0.730298817157745 0.727667033672333 0.725293457508087 0.719919860363007 0.716028571128845 0.712659537792206 0.712301075458527 0.7097247838974 0.707586824893951 0.708204805850983 0.705446004867554 0.710065901279449 0.706064820289612 0.688522040843964 0.660775363445282 0.663962662220001 0.58855015039444 0.579892933368683 0.438930690288544 0.291109561920166 0.298245579004288 0.246011063456535 0.224863901734352 0.196700885891914 0.176726683974266 0.165459796786308 0.143165662884712 0.174480929970741 0.158074140548706 0.148462027311325 0.179235056042671 0.133925586938858 0.130186408758163 0.170077249407768 0.197577968239784 0.191764310002327 0.175005003809929 0.161484226584435 0.149624288082123 0.161631926894188 0.163395807147026
0.755043745040894 0.758615672588348 0.772586345672607 0.776488721370697 0.77946263551712 0.767393171787262 0.754699230194092 0.745866417884827 0.751954078674316 0.748007237911224 0.743524491786957 0.739973306655884 0.734406650066376 0.728638529777527 0.728720486164093 0.724856317043304 0.722212612628937 0.717357397079468 0.714698433876038 0.71327543258667 0.712742328643799 0.710433781147003 0.709540843963623 0.707402646541595 0.706064820289612 0.711216449737549 0.703653872013092 0.661941885948181 0.619742810726166 0.592338979244232 0.593070566654205 0.604507446289062 0.51579737663269 0.441679716110229 0.440561830997467 0.347529917955399 0.273176163434982 0.22393511235714 0.213684603571892 0.198987707495689 0.173266872763634 0.12866073846817 0.117883674800396 0.101058945059776 0.107248991727829 0.0941397622227669 0.116497807204723 0.147015199065208 0.171575278043747 0.165095970034599 0.159087508916855 0.167159184813499 0.185603216290474 0.199652940034866 0.176070302724838
