supmat2_scripts_points_rasters/rasters/pate4p5h.asc
NCOLS 360 
NROWS 480 
XLLCORNER 119.5 
YLLCORNER 21.5 
CELLSIZE 0.00833333333333333 
NODATA_value -9999 
[rows 264 to 287 of 480, columns 55 to 109 of 360]
-9999 -9999 -9999 -9999 -9999 -9999 -9999 -9999 -9999 -9999 -9999 -9999 -9999 -9999 -9999 -9999 -9999 -9999 -9999 0.786180078983307 0.788460195064545 0.790731370449066 0.791863679885864 0.792993724346161 0.792993724346161 0.792993724346161 0.792993724346161 0.792993724346161 0.791863679885864 0.792993724346161 0.792993724346161 0.792993724346161 0.790731370449066 0.791863679885864 0.791863679885864 0.791863679885864 0.790731370449066 0.790731370449066 0.791863679885864 0.791863679885864 0.794121563434601 0.792993724346161 0.792993724346161 0.792993724346161 0.790731370449066 0.790731370449066 0.788460195064545 0.789596855640411 0.787321150302887 0.788171648979187 0.790115356445312 0.787185609340668 0.787835657596588 0.784077942371368 0.774834990501404
-9999 -9999 -9999 -9999 -9999 -9999 -9999 -9999 -9999 -9999 -9999 -9999 -9999 -9999 -9999 -9999 -9999 0.791863679885864 0.790731370449066 0.790731370449066 0.790731370449066 0.792993724346161 0.792993724346161 0.792993724346161 0.792993724346161 0.79412168264389 0.792993724346161 0.79412168264389 0.791863679885864 0.79412168264389 0.792993724346161 0.792993724346161 0.792993724346161 0.792993724346161 0.790731370449066 0.790731370449066 0.791863679885864 0.790731370449066 0.791863679885864 0.794121563434601 0.794121563434601 0.792993724346161 0.792993724346161 0.794121563434601 0.790731370449066 0.790731370449066 0.788460195064545 0.790731370449066 0.788979649543762 0.789705693721771 0.790839970111847 0.790596544742584 0.786611139774323 0.776743829250336 0.758701324462891
-9999 -9999 -9999 -9999 -9999 -9999 -9999 -9999 -9999 -9999 -9999 -9999 -9999 -9999 -9999 -9999 0.792993724346161 0.792993724346161 0.791863679885864 0.791863679885864 0.792993724346161 0.794121563434601 0.792993724346161 0.796370506286621 0.79412168264389 0.79412168264389 0.79412168264389 0.795247256755829 0.79412168264389 0.79412168264389 0.794121563434601 0.794121563434601 0.792993724346161 0.792993724346161 0.791863679885864 0.790731370449066 0.791863679885864 0.791863679885864 0.791863679885864 0.794121563434601 0.794121563434601 0.794121563434601 0.792993724346161 0.794121563434601 0.792993724346161 0.790731370449066 0.790690302848816 0.787924230098724 0.788569211959839 0.788484990596771 0.788240551948547 0.786611139774323 0.784977316856384 0.784239411354065 0.767399370670319
-9999 -9999 -9999 -9999 -9999 -9999 -9999 -9999 -9999 -9999 -9999 -9999 -9999 -9999 -9999 -9999 -9999 0.792993724346161 -9999 0.792993724346161 0.792993724346161 0.794121563434601 0.796370506286621 0.796370506286621 0.79412168264389 0.796370506286621 0.796370506286621 0.79412168264389 0.79412168264389 0.79412168264389 0.795247256755829 0.792993724346161 0.795247256755829 0.792993724346161 0.792993724346161 0.791863679885864 0.792993724346161 0.792993724346161 0.794121563434601 0.794121563434601 0.796370387077332 0.797491371631622 0.796370506286621 0.792993724346161 0.791863679885864 0.791863679885864 0.791658818721771 0.791412830352783 0.790596544742584 0.790269017219543 0.786036014556885 0.783908367156982 0.784646689891815 0.771918594837189 0.764705955982208
-9999 -9999 -9999 -9999 -9999 -9999 -9999 -9999 -9999 -9999 -9999 -9999 -9999 -9999 -9999 -9999 -9999 -9999 0.794121563434601 0.794121563434601 0.792993724346161 0.794121563434601 0.796370506286621 0.79412168264389 0.796370506286621 0.795247256755829 0.795247256755829 0.795247256755829 0.795247256755829 0.79412168264389 0.792993724346161 0.792993724346161 0.795247256755829 0.794121563434601 0.79412168264389 0.792993724346161 0.794121563434601 0.794121563434601 0.794121563434601 0.795247077941895 0.796370387077332 0.797491371631622 0.795247256755829 0.792993724346161 0.790731370449066 0.792952835559845 0.791412830352783 0.791729092597961 0.789781510829926 0.787582695484161 0.785214781761169 0.776323080062866 0.77383553981781 0.757680058479309 0.728744685649872
-9999 -9999 -9999 -9999 -9999 -9999 -9999 -9999 -9999 -9999 -9999 -9999 -9999 -9999 -9999 -9999 -9999 -9999 0.794121563434601 0.792993724346161 0.795247256755829 0.795247256755829 0.796370506286621 0.796370506286621 0.796370506286621 0.795247256755829 0.796370506286621 0.796370506286621 0.795247256755829 0.795247077941895 0.795247077941895 0.795247256755829 0.794121563434601 0.79412168264389 0.794121563434601 0.79412168264389 0.795247256755829 0.794121563434601 0.794121563434601 0.795247077941895 0.797491371631622 0.797491371631622 0.795247256755829 0.792707443237305 0.791330873966217 0.791248857975006 0.790839970111847 0.789781510829926 0.789209485054016 0.786357641220093 0.781688272953033 0.771832168102264 0.765631198883057 0.757847487926483 0.735207319259644
-9999 -9999 -9999 -9999 -9999 -9999 -9999 -9999 -9999 -9999 -9999 -9999 -9999 -9999 -9999 -9999 -9999 0.795247256755829 0.796370506286621 0.796370506286621 0.795247256755829 0.795247256755829 0.797491490840912 0.796370506286621 0.797491490840912 0.797491490840912 0.796370506286621 0.796370506286621 0.795247256755829 0.796370506286621 0.796370506286621 0.795247256755829 0.795247256755829 0.79412168264389 0.795247256755829 0.797491490840912 0.797491490840912 0.797491490840912 0.798610150814056 0.797491371631622 0.797491371631622 0.796370506286621 0.793672621250153 0.79116678237915 0.790352940559387 0.789621651172638 0.790915787220001 0.790185034275055 0.788721084594727 0.785866916179657 0.77482658624649 0.763185143470764 0.754183888435364 0.740419805049896 0.746123075485229
-9999 -9999 -9999 -9999 -9999 -9999 -9999 -9999 -9999 -9999 -9999 -9999 -9999 -9999 -9999 -9999 0.796370506286621 0.795247256755829 0.795247256755829 0.795247256755829 0.795247256755829 0.797491490840912 0.797491490840912 0.797491490840912 0.797491490840912 0.797491490840912 0.796370506286621 0.796370506286621 0.796370506286621 0.796370506286621 0.795247077941895 0.796370506286621 0.795247256755829 0.79412168264389 0.795247256755829 0.796370506286621 0.796370506286621 0.797491490840912 0.797491490840912 0.797491371631622 0.796370506286621 0.795043587684631 0.792298257350922 0.791888356208801 0.788889408111572 0.789697587490082 0.786196827888489 0.78700852394104 0.786763489246368 0.776898562908173 0.759967505931854 0.752900183200836 0.741891324520111 0.725408554077148 0.729180335998535
-9999 -9999 -9999 -9999 -9999 -9999 -9999 -9999 -9999 -9999 -9999 -9999 -9999 -9999 -9999 -9999 0.796370506286621 0.796370506286621 0.795247256755829 0.797491490840912 0.797491490840912 0.796370506286621 0.797491490840912 0.796370506286621 0.796370506286621 0.798610150814056 0.796370506286621 0.795247256755829 0.795247256755829 0.796370506286621 0.796370506286621 0.795247256755829 0.796370506286621 0.795247256755829 0.795247256755829 0.796370506286621 0.796370506286621 0.797491490840912 0.795247077941895 0.795247077941895 0.793999135494232 0.79359096288681 0.788484990596771 0.790915608406067 0.788965463638306 0.787903547286987 0.785943210124969 0.783075928688049 0.782420873641968 0.766128301620483 0.7598797082901 0.747496843338013 0.73241513967514 0.726900637149811 0.731890261173248
-9999 -9999 -9999 -9999 -9999 -9999 -9999 -9999 -9999 -9999 -9999 -9999 -9999 -9999 -9999 0.797491490840912 0.797491490840912 0.796370506286621 0.796370506286621 0.797491490840912 0.796370506286621 0.796370506286621 0.795247256755829 0.796370506286621 0.795247256755829 0.796370506286621 0.797491490840912 0.796370506286621 0.796370506286621 0.796370506286621 0.797491490840912 0.796370506286621 0.796370506286621 0.796370506286621 0.795247077941895 0.798610150814056 0.796370506286621 0.796370506286621 0.795247077941895 0.794961988925934 0.792543828487396 0.791729092597961 0.78953754901886 0.789209485054016 0.790017187595367 0.788552820682526 0.785613119602203 0.780938148498535 0.778630554676056 0.76004683971405 0.758604764938354 0.754352152347565 0.741110980510712 0.737118899822235 0.738856196403503
-9999 -9999 -9999 -9999 -9999 -9999 -9999 -9999 -9999 -9999 -9999 -9999 -9999 -9999 -9999 0.797491490840912 0.797491490840912 0.796370506286621 0.797491490840912 0.797491490840912 0.797491490840912 0.796370506286621 0.797491490840912 0.796370506286621 0.796370506286621 0.797491490840912 0.797491490840912 0.796370506286621 0.798610150814056 0.797491490840912 0.798610150814056 0.798610150814056 0.797491490840912 0.797491490840912 0.797491490840912 0.796370506286621 0.795247077941895 0.793754160404205 0.792298257350922 0.795597791671753 0.792859554290771 0.790672302246094 0.788232266902924 0.788063883781433 0.786349475383759 0.784960687160492 0.784960687160492 0.779126942157745 0.77399092912674 0.760556161403656 0.757926821708679 0.754520237445831 0.742841303348541 0.737118899822235 0.7358118891716
-9999 -9999 -9999 -9999 -9999 -9999 -9999 -9999 -9999 -9999 -9999 -9999 -9999 -9999 -9999 0.798610150814056 0.798610150814056 0.797491490840912 0.797491490840912 0.797491490840912 0.797491490840912 0.798610150814056 0.796370506286621 0.796370506286621 0.796370506286621 0.800840437412262 0.79972642660141 0.800840437412262 0.79972642660141 0.79972642660141 0.79972642660141 0.79972642660141 0.79972642660141 0.796370387077332 0.796370387077332 0.795247077941895 0.796370506286621 0.79246199131012 0.793345749378204 0.792859554290771 0.791888475418091 0.789941430091858 0.78700852394104 0.78749018907547 0.786915957927704 0.783237516880035 0.781185507774353 0.77747368812561 0.774904191493988 0.762502670288086 0.755457103252411 0.744479238986969 0.737902283668518 0.740590453147888 0.742751777172089
-9999 -9999 -9999 -9999 -9999 -9999 -9999 -9999 -9999 -9999 -9999 -9999 -9999 -9999 0.812934756278992 0.798610150814056 0.797491490840912 0.798610150814056 0.797491490840912 0.798610150814056 0.797491490840912 0.797491490840912 0.795247256755829 0.797491490840912 0.798610150814056 0.801952064037323 0.803061246871948 0.801952064037323 0.801952064037323 0.800840437412262 0.800840437412262 0.79972642660141 0.79972642660141 0.798610150814056 0.797491490840912 0.796370506286621 0.796167254447937 0.795679211616516 0.791485965251923 0.790269017219543 0.789781510829926 0.787582695484161 0.788063883781433 0.786755323410034 0.787160933017731 0.785367608070374 0.779785394668579 0.776976048946381 0.77681291103363 0.760722994804382 0.754944622516632 0.747407793998718 0.743271231651306 0.741021335124969 0.733717501163483
-9999 -9999 -9999 -9999 -9999 -9999 -9999 -9999 -9999 -9999 -9999 -9999 -9999 -9999 0.812934756278992 0.796370506286621 0.798610150814056 0.798610150814056 0.798610150814056 0.797491490840912 0.797491490840912 0.798610150814056 0.796370506286621 0.798610150814056 0.798610150814056 0.803061246871948 0.803061246871948 0.800840437412262 0.801952064037323 0.800840437412262 0.801952064037323 0.800840437412262 0.79972642660141 0.798610150814056 0.796167254447937 0.794636070728302 0.791729092597961 0.790999472141266 0.790025293827057 0.789293587207794 0.787827372550964 0.787253499031067 0.78643399477005 0.786755323410034 0.788788855075836 0.785774111747742 0.781347572803497 0.778382241725922 0.774981915950775 0.764269709587097 0.751179933547974 0.749722838401794 0.738415598869324 0.73537015914917 0.735279977321625
-9999 -9999 -9999 -9999 -9999 -9999 -9999 -9999 -9999 -9999 -9999 -9999 -9999 0.80857127904892 0.812934756278992 0.798610150814056 0.798610150814056 0.798610150814056 0.798610150814056 0.797491490840912 0.798610150814056 0.798610150814056 0.796370506286621 0.798610150814056 0.798610150814056 0.801952064037323 0.803061246871948 0.800840437412262 0.800840437412262 0.800840437412262 0.801952064037323 0.79972642660141 0.800840437412262 0.79936283826828 0.795516431331635 0.791645348072052 0.792775928974152 0.793662011623383 0.792934894561768 0.789697468280792 0.787827372550964 0.786357641220093 0.785782277584076 0.787245333194733 0.788300156593323 0.786180377006531 0.783645570278168 0.776143074035645 0.773732602596283 0.767043113708496 0.752803087234497 0.744121730327606 0.736497521400452 0.72653716802597 0.723632752895355
-9999 -9999 -9999 -9999 -9999 -9999 -9999 -9999 -9999 -9999 -9999 -9999 -9999 -9999 -9999 -9999 0.798610150814056 0.800840437412262 0.798610150814056 0.798610150814056 0.798610150814056 0.798610150814056 0.797491490840912 0.798610150814056 0.79972642660141 0.803061246871948 0.801952064037323 0.803061246871948 0.801952064037323 0.800840437412262 0.800840437412262 0.799605250358582 0.800477564334869 0.799120306968689 0.794229626655579 0.793260931968689 0.794388234615326 0.793419778347015 0.789941430091858 0.788721203804016 0.788392603397369 0.787414073944092 0.786433815956116 0.789521217346191 0.790571987628937 0.788704693317413 0.782003939151764 0.777550995349884 0.772066116333008 0.766032636165619 0.757319331169128 0.746534168720245 0.735884487628937 0.727846145629883 0.731257021427155
-9999 -9999 -9999 -9999 -9999 -9999 -9999 -9999 -9999 -9999 -9999 -9999 -9999 -9999 -9999 -9999 0.798610150814056 0.800840437412262 0.79972642660141 0.798610150814056 0.797491490840912 0.79972642660141 0.798610150814056 0.798610150814056 0.800840437412262 0.801952064037323 0.801750898361206 0.803967833518982 0.801589965820312 0.801589965820312 0.801428973674774 0.799120306968689 0.799993395805359 0.797117590904236 0.795271754264832 0.795030176639557 0.794546723365784 0.792934894561768 0.791720986366272 0.790504515171051 0.78928542137146 0.787574529647827 0.784468948841095 0.788055598735809 0.793236494064331 0.788131594657898 0.782080709934235 0.773896455764771 0.772230386734009 0.764767706394196 0.755528211593628 0.750825166702271 0.738487839698792 0.736398637294769 0.747470915317535
-9999 -9999 -9999 -9999 -9999 -9999 -9999 -9999 -9999 -9999 -9999 -9999 -9999 -9999 -9999 -9999 0.798610150814056 0.800840437412262 0.79972642660141 0.79972642660141 0.798610150814056 0.800840437412262 0.798610150814056 0.798610150814056 0.800840437412262 0.803021132946014 0.801267921924591 0.803406715393066 0.800947070121765 0.799354135990143 0.799990236759186 0.799511194229126 0.795671403408051 0.794946908950806 0.793336272239685 0.794705212116241 0.793979465961456 0.793010294437408 0.790907561779022 0.786924242973328 0.787979602813721 0.786264955997467 0.782497704029083 0.786992132663727 0.789916694164276 0.789184987545013 0.781339347362518 0.77381032705307 0.76829582452774 0.762485504150391 0.755351662635803 0.753556430339813 0.739000856876373 0.747809708118439 0.75611138343811
-9999 -9999 -9999 -9999 -9999 -9999 -9999 -9999 -9999 -9999 -9999 -9999 -9999 -9999 -9999 0.786180078983307 0.790731370449066 0.792993724346161 0.796370506286621 0.798610150814056 0.798610150814056 0.801952064037323 0.800840437412262 0.798610150814056 0.800840437412262 0.801589965820312 0.802217841148376 0.802691280841827 0.799990236759186 0.799907743930817 0.796710789203644 0.798469066619873 0.795505046844482 0.793010294437408 0.793010294437408 0.793010294437408 0.792039513587952 0.790823638439178 0.789605259895325 0.78749018907547 0.787895321846008 0.786425709724426 0.78011029958725 0.781586587429047 0.78584212064743 0.786493718624115 0.786333024501801 0.775550246238708 0.764086484909058 0.761381387710571 0.757645666599274 0.757557570934296 0.757046520709991 0.764244139194489 0.760776400566101
-9999 -9999 -9999 -9999 -9999 -9999 -9999 -9999 -9999 -9999 -9999 -9999 -9999 -9999 -9999 0.787321150302887 0.790731370449066 0.792993724346161 0.796370506286621 0.79972642660141 0.79972642660141 0.801952064037323 0.801750898361206 0.799282014369965 0.80007416009903 0.801106810569763 0.802691280841827 0.800147116184235 0.799188852310181 0.797988593578339 0.797267198562622 0.795180380344391 0.794697046279907 0.794455230236053 0.794938743114471 0.793085634708405 0.793486893177032 0.791142642498016 0.790168702602386 0.789193093776703 0.786425709724426 0.785443961620331 0.7797771692276 0.780349612236023 0.784367561340332 0.788772463798523 0.788367986679077 0.780016601085663 0.762984752655029 0.758834183216095 0.758746266365051 0.766939163208008 0.765928566455841 0.757293522357941 0.758482575416565
-9999 -9999 -9999 -9999 -9999 -9999 -9999 -9999 -9999 -9999 -9999 -9999 -9999 -9999 -9999 0.787321150302887 0.790731370449066 0.792993724346161 0.797491490840912 0.800840437412262 0.800800144672394 0.800396919250488 0.801267921924591 0.799354135990143 0.798394441604614 0.798791766166687 0.800303995609283 0.798228859901428 0.797267198562622 0.796303749084473 0.797823071479797 0.796220660209656 0.795738279819489 0.795496881008148 0.794772148132324 0.791545271873474 0.791058838367462 0.791704595088959 0.790731549263 0.786992132663727 0.786011278629303 0.784129738807678 0.779691755771637 0.7753866314888 0.782319247722626 0.789748787879944 0.78999263048172 0.78461354970932 0.764837980270386 0.768365740776062 0.775292336940765 0.774129688739777 0.771210312843323 0.751402676105499 0.729662358760834
-9999 -9999 -9999 -9999 -9999 -9999 -9999 -9999 -9999 -9999 -9999 -9999 -9999 0.783891558647156 0.783891558647156 0.787321150302887 0.790731370449066 0.792993724346161 0.798610150814056 0.800840437412262 0.8019118309021 0.802619636058807 0.802058458328247 0.799271523952484 0.796710789203644 0.798228859901428 0.79814612865448 0.79582142829895 0.79485547542572 0.794772148132324 0.794530391693115 0.797018468379974 0.797657370567322 0.794205248355865 0.793963193893433 0.793478846549988 0.794363796710968 0.792751491069794 0.790647625923157 0.789916694164276 0.786662578582764 0.785681247711182 0.781006813049316 0.776547193527222 0.780016601085663 0.786087572574615 0.790799140930176 0.787710249423981 0.776616215705872 0.769451200962067 0.777611613273621 0.768696010112762 0.75975775718689 0.747453451156616 0.736290991306305
-9999 -9999 -9999 -9999 -9999 -9999 -9999 -9999 -9999 -9999 -9999 0.826829731464386 0.783891558647156 0.783891558647156 0.782744169235229 0.786180078983307 0.791863679885864 0.792993724346161 0.798610150814056 0.800840437412262 0.801670432090759 0.802298247814178 0.801737666130066 0.797350108623505 0.794780313968658 0.795421838760376 0.796461760997772 0.793486893177032 0.794530391693115 0.795813381671906 0.796935498714447 0.797333955764771 0.79685252904892 0.795647084712982 0.796769559383392 0.79476410150528 0.794522345066071 0.793069422245026 0.790076613426208 0.790966868400574 0.787068367004395 0.784944176673889 0.781416237354279 0.774388015270233 0.775300741195679 0.777534306049347 0.781407833099365 0.786975681781769 0.782881259918213 0.773370981216431 0.772455751895905 0.774207353591919 0.7618727684021 0.753282427787781 0.733501613140106
-9999 -9999 -9999 -9999 -9999 -9999 -9999 -9999 -9999 -9999 0.782744169235229 0.782744169235229 0.782744169235229 0.782744169235229 0.782744169235229 0.786180078983307 0.792993724346161 0.795247256755829 0.798326730728149 0.798958539962769 0.801581263542175 0.80165559053421 0.797507762908936 0.796303749084473 0.793085634708405 0.793002068996429 0.793161034584045 0.791545271873474 0.793319880962372 0.795089066028595 0.796611666679382 0.796769559383392 0.795164167881012 0.795563876628876 0.795563876628876 0.797566533088684 0.797325968742371 0.793228268623352 0.790639519691467 0.789016723632812 0.784859478473663 0.783221006393433 0.779435455799103 0.774715483188629 0.773301661014557 0.776040494441986 0.779427051544189 0.781399667263031 0.782387733459473 0.779837429523468 0.775782763957977 0.769364476203918 0.752085983753204 0.747105836868286 0.730269968509674
