supmat2_scripts_points_rasters/rasters/pate4p5h.asc
NCOLS 360 
NROWS 480 
XLLCORNER 119.5 
YLLCORNER 21.5 
CELLSIZE 0.00833333333333333 
NODATA_value -9999 
[rows 144 to 167 of 480, columns 110 to 164 of 360]
-9999 -9999 -9999 -9999 -9999 -9999 -9999 -9999 -9999 -9999 -9999 -9999 0.757001042366028 0.754616975784302 0.749828696250916 0.74380761384964 0.740176498889923 0.737748563289642 0.736532390117645 0.730430901050568 0.726754069328308 0.720600962638855 0.691952288150787 0.679356575012207 0.678093433380127 0.683142304420471 0.686922371387482 0.699473857879639 0.704470813274384 0.708208799362183 0.700724422931671 0.696969866752625 0.691952288150787 0.688180923461914 0.685663104057312 0.679356575012207 0.670502722263336 0.670502722263336 0.667968511581421 0.664163649082184 0.655272662639618 0.618821084499359 0.630292117595673 0.648590564727783 0.653863131999969 0.644943296909332 0.641576290130615 0.629282653331757 0.637567102909088 0.652305126190186 0.639661490917206 0.631197988986969 0.615276157855988 0.602196395397186 0.590962469577789
-9999 -9999 -9999 -9999 -9999 -9999 -9999 -9999 -9999 -9999 -9999 -9999 0.757001042366028 0.757001042366028 0.755809843540192 0.752226054668427 0.749828696250916 0.749828696250916 0.746220707893372 0.745014905929565 0.737748563289642 0.711937725543976 0.690695941448212 0.676829516887665 0.674300372600555 0.679356575012207 0.683142304420471 0.690695941448212 0.70945280790329 0.720600962638855 0.720600962638855 0.711937725543976 0.706963837146759 0.701974153518677 0.69822233915329 0.689438819885254 0.674300372600555 0.671769082546234 0.66162520647049 0.648867070674896 0.657814621925354 0.660355389118195 0.660355389118195 0.670502722263336 0.665432333946228 0.665432333946228 0.660355389118195 0.650034189224243 0.614720284938812 0.617539048194885 0.637567102909088 0.636293351650238 0.623187839984894 0.608822107315063 0.58291620016098
-9999 -9999 -9999 -9999 -9999 -9999 -9999 -9999 -9999 -9999 -9999 -9999 -9999 0.757001042366028 0.759378433227539 0.762931168079376 0.764111876487732 0.766467750072479 0.768816232681274 0.768816232681274 0.747424960136414 0.715657114982605 0.689438819885254 0.675565242767334 0.673035025596619 0.678093433380127 0.686922371387482 0.696969866752625 0.70945280790329 0.724296391010284 0.726754069328308 0.723065912723541 0.718131363391876 0.711937725543976 0.705717861652374 0.696969866752625 0.678093254566193 0.674300372600555 0.678093254566193 0.680619120597839 0.684402942657471 0.684402942657471 0.676829516887665 0.674300372600555 0.671769082546234 0.667968511581421 0.664163649082184 0.666700541973114 0.664025783538818 0.63856714963913 0.616266191005707 0.604906141757965 0.600099742412567 0.586070537567139 0.567795217037201
-9999 -9999 -9999 -9999 -9999 -9999 -9999 -9999 -9999 -9999 0.741388320922852 -9999 0.74380761384964 0.752226054668427 0.76056444644928 0.766467750072479 0.771157324314117 0.774654269218445 0.776975929737091 0.772324919700623 0.74259877204895 0.70945280790329 0.691952288150787 0.681881010532379 0.674300372600555 0.679356575012207 0.689438819885254 0.699473857879639 0.71317857503891 0.725525975227356 0.727980971336365 0.725525975227356 0.718131363391876 0.708208799362183 0.699473857879639 0.689438819885254 0.675565242767334 0.674300372600555 0.679356575012207 0.683142304420471 0.676829516887665 0.638840734958649 0.658302903175354 0.665202617645264 0.658118963241577 0.659573435783386 0.662572801113129 0.669235825538635 0.665202617645264 0.656940162181854 0.634651720523834 0.618906080722809 0.590587735176086 0.568418443202972 0.537793755531311
-9999 -9999 -9999 -9999 -9999 -9999 -9999 -9999 -9999 0.73896324634552 0.73896324634552 0.741388320922852 -9999 0.753422379493713 0.76056444644928 0.766467750072479 0.771157324314117 0.776975929737091 0.780443012714386 0.7652907371521 0.736532390117645 0.71317857503891 0.696970045566559 0.683142304420471 0.671769082546234 0.680619120597839 0.690695941448212 0.706963837146759 0.719366729259491 0.730430901050568 0.730430901050568 0.723065912723541 0.71317857503891 0.703222930431366 0.691952288150787 0.683142304420471 0.675565242767334 0.678093433380127 0.679356575012207 0.679356575012207 0.650119125843048 0.609811365604401 0.626914501190186 0.628461837768555 0.623273015022278 0.64612203836441 0.636472702026367 0.660477101802826 0.664012670516968 0.653934895992279 0.640840709209442 0.613447964191437 0.619820713996887 0.588965654373169 0.562779188156128
-9999 -9999 -9999 -9999 -9999 -9999 -9999 -9999 -9999 0.737748563289642 -9999 0.740176498889923 0.74380761384964 0.754616975784302 0.76056444644928 0.766467750072479 0.773490607738495 0.778133630752563 0.778133630752563 0.762931168079376 0.742598652839661 0.719366729259491 0.69822233915329 0.681881010532379 0.671769082546234 0.683142304420471 0.696969866752625 0.711937725543976 0.729206562042236 0.73896324634552 0.736532390117645 0.721833944320679 0.708208799362183 0.691952288150787 0.683142304420471 0.680619120597839 0.675565242767334 0.678093433380127 0.681881010532379 0.676829516887665 0.654848337173462 0.607993721961975 0.614446938037872 0.599460601806641 0.596651077270508 0.614720284938812 0.632009744644165 0.635010361671448 0.660834610462189 0.648931682109833 0.6411994099617 0.62964129447937 0.612269997596741 0.581288993358612 0.545313775539398
-9999 -9999 -9999 -9999 -9999 -9999 -9999 -9999 0.737748563289642 -9999 0.73896324634552 0.741388320922852 0.746220707893372 0.753422379493713 0.75937831401825 0.767642915248871 0.774654269218445 0.779289364814758 0.776975929737091 0.767642915248871 0.748627603054047 0.721833944320679 0.69822233915329 0.680619120597839 0.673035025596619 0.684402942657471 0.701974153518677 0.720600962638855 0.735314846038818 0.74380761384964 0.740176498889923 0.721833944320679 0.704470813274384 0.690695941448212 0.683142304420471 0.678093254566193 0.676829516887665 0.681881010532379 0.681881010532379 0.649120092391968 0.648667573928833 0.640387892723083 0.611083030700684 0.58091527223587 0.574519336223602 0.606628775596619 0.623905122280121 0.616530478000641 0.650204062461853 0.650383174419403 0.634916067123413 0.624999403953552 0.591675639152527 0.573633134365082 0.55902510881424
-9999 -9999 -9999 -9999 -9999 -9999 -9999 0.73896324634552 -9999 0.73896324634552 0.740176498889923 0.741388320922852 0.747424960136414 0.753422379493713 0.762931048870087 0.768816232681274 0.775816023349762 0.778133630752563 0.780443012714386 0.772324919700623 0.747424960136414 0.714418411254883 0.688180923461914 0.680619120597839 0.675565242767334 0.689438819885254 0.708208799362183 0.727980971336365 0.740176498889923 0.751028180122375 0.745014905929565 0.726754069328308 0.703222930431366 0.689438819885254 0.683142304420471 0.681881010532379 0.685662925243378 0.688180923461914 0.679356575012207 0.665432333946228 0.640661418437958 0.633651375770569 0.626093685626984 0.587597727775574 0.571639478206635 0.607080698013306 0.613985300064087 0.612072467803955 0.639558076858521 0.647385716438293 0.626452326774597 0.60336309671402 0.607456862926483 0.578765749931335 0.536028981208801
-9999 -9999 -9999 -9999 -9999 -9999 -9999 0.735314846038818 -9999 0.735314846038818 0.73896324634552 0.73896324634552 0.745014905929565 0.751028180122375 0.757001042366028 0.764111876487732 0.771157324314117 0.771157324314117 0.773490607738495 0.769987642765045 0.741388320922852 0.703222930431366 0.681881010532379 0.681881010532379 0.678093433380127 0.69822233915329 0.718131363391876 0.734095811843872 0.747424960136414 0.755809843540192 0.749828696250916 0.730430901050568 0.703222930431366 0.689438819885254 0.685662925243378 0.683142304420471 0.689438819885254 0.689438819885254 0.659665405750275 0.666700661182404 0.661303281784058 0.64320832490921 0.605085015296936 0.567870020866394 0.577934920787811 0.60417252779007 0.604624211788177 0.609981119632721 0.6268110871315 0.646386325359344 0.626546621322632 0.593299150466919 0.583449602127075 0.555269002914429 0.484682410955429
-9999 -9999 -9999 -9999 -9999 -9999 -9999 0.736532390117645 0.735314846038818 0.732875525951385 0.732875525951385 0.734095811843872 0.735314846038818 0.741388320922852 0.745014905929565 0.749828696250916 0.757001042366028 0.758190512657166 0.7652907371521 0.758190512657166 0.725525975227356 0.690695941448212 0.680619120597839 0.691952288150787 0.688180923461914 0.710695743560791 0.727980971336365 0.74380761384964 0.753422379493713 0.762931168079376 0.757001042366028 0.736532390117645 0.70945280790329 0.690695941448212 0.686922371387482 0.688180923461914 0.691952288150787 0.686922371387482 0.650486588478088 0.630735814571381 0.631283044815063 0.62245237827301 0.573167562484741 0.550174355506897 0.583431422710419 0.60425728559494 0.598812341690063 0.605254828929901 0.614616990089417 0.639652371406555 0.627546727657318 0.589406430721283 0.5568687915802 0.537080466747284 0.492484569549561
-9999 -9999 -9999 -9999 -9999 -9999 0.740176498889923 0.740176498889923 0.737748563289642 0.737748563289642 0.735314846038818 0.732875525951385 0.729206562042236 0.731653869152069 0.732875525951385 0.735314846038818 0.737748563289642 0.741388320922852 0.747424960136414 0.73896324634552 0.710695743560791 0.679356575012207 0.683142304420471 0.69822233915329 0.700724422931671 0.723065793514252 0.740176498889923 0.752226173877716 0.76056444644928 0.767642915248871 0.761748731136322 0.741388440132141 0.718131363391876 0.695716679096222 0.688180923461914 0.688180923461914 0.693207919597626 0.686922371387482 0.6635662317276 0.643661081790924 0.648940920829773 0.638019979000092 0.591300845146179 0.567860901355743 0.590025663375854 0.597722470760345 0.594097316265106 0.589753746986389 0.603259980678558 0.632368445396423 0.620811283588409 0.584526121616364 0.538398146629333 0.481978416442871 0.47191908955574
-9999 -9999 -9999 -9999 -9999 -9999 -9999 -9999 0.74380761384964 0.74259877204895 0.741388320922852 0.73896324634552 0.735314846038818 0.732875525951385 0.730430901050568 0.726754069328308 0.719366729259491 0.720600962638855 0.724296569824219 0.719366729259491 0.691952288150787 0.674300372600555 0.690695941448212 0.706963837146759 0.714418411254883 0.732875525951385 0.747424960136414 0.76056444644928 0.7652907371521 0.772324919700623 0.7652907371521 0.747424960136414 0.724296569824219 0.699473857879639 0.693207919597626 0.689438819885254 0.695716679096222 0.688180923461914 0.663198530673981 0.66511070728302 0.671769082546234 0.664163649082184 0.653576850891113 0.640020072460175 0.626178741455078 0.600175261497498 0.58722335100174 0.57982212305069 0.590119361877441 0.621811091899872 0.613900363445282 0.573978543281555 0.510417997837067 0.462463200092316 0.439991265535355
-9999 -9999 -9999 -9999 -9999 -9999 -9999 -9999 -9999 0.745014905929565 0.74380761384964 0.74259877204895 0.73896324634552 0.737748563289642 0.736532390117645 0.730430901050568 0.714418530464172 0.703222930431366 0.700724422931671 0.693207919597626 0.678093254566193 0.675565242767334 0.696970045566559 0.714418411254883 0.724296569824219 0.745014905929565 0.755809843540192 0.762931168079376 0.771157324314117 0.774654269218445 0.769987821578979 0.753422379493713 0.729206562042236 0.704470992088318 0.696970045566559 0.696969866752625 0.69822233915329 0.686922371387482 0.663382351398468 0.693207919597626 0.679356575012207 0.675565242767334 0.670502722263336 0.662205040454865 0.634831011295319 0.577122688293457 0.563735842704773 0.572617888450623 0.579373598098755 0.604266405105591 0.605630874633789 0.559988975524902 0.536367475986481 0.494526028633118 0.448953449726105
-9999 -9999 -9999 -9999 -9999 -9999 -9999 -9999 0.747424960136414 0.747424960136414 0.746220707893372 0.747424960136414 0.74380761384964 0.741388440132141 0.741388440132141 0.737748563289642 0.718131363391876 0.696969866752625 0.681881010532379 0.670502722263336 0.667968511581421 0.678093254566193 0.701974153518677 0.721833944320679 0.736532390117645 0.754616975784302 0.761748731136322 0.769987642765045 0.776975750923157 0.779289364814758 0.773490607738495 0.758190512657166 0.735314846038818 0.708208799362183 0.700724422931671 0.696969866752625 0.703222930431366 0.690695941448212 0.678093254566193 0.700724422931671 0.685662925243378 0.675565242767334 0.666562795639038 0.643208146095276 0.597553014755249 0.524069726467133 0.523453652858734 0.548571348190308 0.568939864635468 0.594744801521301 0.599009394645691 0.561870574951172 0.534695565700531 0.49333256483078 0.468836784362793
-9999 -9999 -9999 -9999 -9999 -9999 -9999 0.74380761384964 0.745014905929565 0.745014905929565 0.74259877204895 0.74259877204895 0.73896324634552 0.73896324634552 0.737748563289642 0.729206562042236 0.706963837146759 0.683142304420471 0.667968511581421 0.664163649082184 0.667968511581421 0.683142304420471 0.703222930431366 0.723065793514252 0.73896324634552 0.754616975784302 0.7652907371521 0.772324919700623 0.779289364814758 0.780443012714386 0.779289364814758 0.7652907371521 0.746220707893372 0.721833944320679 0.706963837146759 0.701974153518677 0.703222930431366 0.700724422931671 0.703222930431366 0.69822233915329 0.689438819885254 0.676829516887665 0.659757435321808 0.63984078168869 0.598097920417786 0.518750607967377 0.490182906389236 0.522231161594391 0.548930466175079 0.584254682064056 0.585162401199341 0.506791234016418 0.486454248428345 0.472083479166031 0.445549368858337
-9999 -9999 -9999 -9999 -9999 -9999 0.74380761384964 0.741388320922852 0.741388320922852 0.741388320922852 0.73896324634552 0.735314846038818 0.734095811843872 0.730430901050568 0.729206562042236 0.720600962638855 0.69822233915329 0.680619120597839 0.664163649082184 0.660355389118195 0.670502722263336 0.685662925243378 0.705717861652374 0.723065912723541 0.740176498889923 0.754616975784302 0.7652907371521 0.773490607738495 0.780443012714386 0.783891558647156 0.781594634056091 0.769987642765045 0.754616975784302 0.736532390117645 0.719366729259491 0.710695743560791 0.704470992088318 0.708208799362183 0.701974153518677 0.69822233915329 0.696969866752625 0.685663104057312 0.670502722263336 0.645301878452301 0.60408753156662 0.535837411880493 0.500513076782227 0.534777998924255 0.539277136325836 0.560081422328949 0.573717296123505 0.535755038261414 0.48239803314209 0.490438401699066 0.514496266841888
-9999 -9999 -9999 -9999 -9999 -9999 0.741388320922852 0.740176498889923 0.73896324634552 0.736532390117645 0.732875525951385 0.729206562042236 0.730430901050568 0.732875525951385 0.730430901050568 0.719366729259491 0.69822233915329 0.679356575012207 0.664163649082184 0.662894606590271 0.674300372600555 0.688180923461914 0.705717861652374 0.725525975227356 0.741388320922852 0.757001042366028 0.767642915248871 0.775816023349762 0.782744169235229 0.787321269512177 0.786180078983307 0.778133630752563 0.7652907371521 0.752226173877716 0.736532390117645 0.719366729259491 0.708208799362183 0.706963837146759 0.70945280790329 0.706963837146759 0.700724422931671 0.686922371387482 0.674300372600555 0.652578294277191 0.620999813079834 0.572272837162018 0.537602066993713 0.573894500732422 0.553301453590393 0.546546041965485 0.553393721580505 0.553218245506287 0.528108656406403 0.538672387599945 0.513021469116211
-9999 0.741388320922852 0.741388320922852 0.740176498889923 -9999 0.737748563289642 0.736532390117645 0.734095811843872 0.734095931053162 0.732875525951385 0.734095811843872 0.736532390117645 0.74259877204895 0.747424960136414 0.741388440132141 0.729206562042236 0.704470992088318 0.680619120597839 0.659085214138031 0.664163649082184 0.676829516887665 0.691952288150787 0.706963837146759 0.725525975227356 0.740176498889923 0.758190512657166 0.767642915248871 0.778133630752563 0.786180257797241 0.78503692150116 0.788460195064545 0.786180078983307 0.774654269218445 0.7652907371521 0.754616975784302 0.734095931053162 0.71317857503891 0.708208799362183 0.715657234191895 0.694462716579437 0.681881010532379 0.678093433380127 0.667968511581421 0.647121608257294 0.651854455471039 0.605546057224274 0.60409677028656 0.595392227172852 0.536285102367401 0.524341344833374 0.499828487634659 0.471832692623138 0.503005862236023 0.505932927131653 0.478776395320892
0.74259877204895 0.741388320922852 0.741388320922852 0.741388320922852 0.740176498889923 0.736532390117645 0.732875525951385 0.734095811843872 0.735314846038818 0.740176498889923 0.745014905929565 0.751028180122375 0.758190512657166 0.768816232681274 0.76056444644928 0.74380761384964 0.719366729259491 0.694462716579437 0.676829516887665 0.665432333946228 0.678093433380127 0.696969866752625 0.711937725543976 0.725525975227356 0.741388320922852 0.757001042366028 0.768816232681274 0.781594634056091 0.787321269512177 0.791863679885864 0.790731370449066 0.788460195064545 0.783891558647156 0.778133511543274 0.769987821578979 0.753422379493713 0.719366729259491 0.71317857503891 0.714418411254883 0.691952288150787 0.649478316307068 0.656571507453918 0.681881010532379 0.665432333946228 0.653678953647614 0.635208010673523 0.604190766811371 0.544064342975616 0.475341528654099 0.438302576541901 0.430333942174911 0.473667800426483 0.42567053437233 0.437098652124405 0.449189484119415
0.747424960136414 0.747424960136414 0.746220707893372 0.741388320922852 0.73896324634552 0.735314846038818 0.734095811843872 0.737748563289642 0.745014905929565 0.749828696250916 0.753422379493713 0.76056444644928 0.767642915248871 0.776975750923157 0.773490607738495 0.759378433227539 0.737748563289642 0.710695743560791 0.693207919597626 0.686922371387482 0.680619120597839 0.699473857879639 0.718131363391876 0.732875525951385 0.746220707893372 0.761748731136322 0.771157324314117 0.782744169235229 0.790731370449066 0.792993724346161 0.791863679885864 0.789596855640411 0.788460195064545 0.781594634056091 0.773490607738495 0.761748731136322 0.726754069328308 0.716894865036011 0.715657234191895 0.699473857879639 0.647385716438293 0.668914556503296 0.685662925243378 0.665432333946228 0.64831405878067 0.629565536975861 0.567432641983032 0.48214453458786 0.444091409444809 0.446842133998871 0.416128486394882 0.452202975749969 0.41480827331543 0.402213662862778 0.410327404737473
0.747424960136414 0.747424960136414 -9999 0.747424960136414 0.741388320922852 0.735314846038818 0.734095811843872 0.740176498889923 0.748627603054047 0.754616975784302 0.759378433227539 0.766467750072479 0.774654269218445 0.783891558647156 0.780443012714386 0.771157324314117 0.757001042366028 0.740176498889923 0.721833944320679 0.710695743560791 0.706963837146759 0.714418530464172 0.731653869152069 0.74380761384964 0.753422379493713 0.7652907371521 0.776975929737091 0.785037040710449 0.794121563434601 0.79412168264389 0.79412168264389 0.791863679885864 0.788460195064545 0.782744169235229 0.773490607738495 0.76056444644928 0.726754069328308 0.716894865036011 0.719366729259491 0.723065912723541 0.69822233915329 0.700724422931671 0.691952288150787 0.670502722263336 0.651043057441711 0.625102877616882 0.575610458850861 0.515450417995453 0.509817183017731 0.476262032985687 0.437820792198181 0.428273051977158 0.387187570333481 0.399709790945053 0.436062216758728
0.751028180122375 0.751028180122375 0.749828696250916 0.747424960136414 0.74380761384964 0.735314846038818 0.734095811843872 0.74380761384964 0.753422379493713 0.758190512657166 0.766467750072479 0.772324919700623 0.778133630752563 0.78503692150116 0.785037040710449 0.781594634056091 0.771157324314117 0.762931168079376 0.753422379493713 0.745014905929565 0.740176498889923 0.736532390117645 0.747424960136414 0.755809843540192 0.76056444644928 0.769987642765045 0.780443012714386 0.787321269512177 0.79412168264389 0.795247256755829 0.796370506286621 0.79412168264389 0.788460195064545 0.781594634056091 0.774654269218445 0.758190512657166 0.729206562042236 0.719366729259491 0.723065912723541 0.718131363391876 0.719366729259491 0.703222930431366 0.685662925243378 0.673035025596619 0.664163649082184 0.654001295566559 0.627565205097198 0.599112391471863 0.545663177967072 0.462540477514267 0.422133952379227 0.417992532253265 0.386964410543442 0.420412838459015 0.443120777606964
0.753422379493713 0.752226054668427 0.752226054668427 0.749828696250916 0.745014905929565 0.73896324634552 0.734095931053162 0.745014905929565 0.758190512657166 0.764111876487732 0.773490607738495 0.780443012714386 0.78389173746109 0.789596855640411 0.788460195064545 0.786180078983307 0.782744169235229 0.780443012714386 0.773490607738495 0.769987642765045 0.769987642765045 0.764111876487732 0.7652907371521 0.767642915248871 0.7652907371521 0.773490607738495 0.781594634056091 0.788460195064545 0.79412168264389 0.796370506286621 0.797491490840912 0.79412168264389 0.786180078983307 0.780443012714386 0.771157324314117 0.757001042366028 0.729206562042236 0.723065912723541 0.719366729259491 0.685663104057312 0.681469798088074 0.708208799362183 0.685662925243378 0.675565242767334 0.664163649082184 0.623008549213409 0.595392227172852 0.547613322734833 0.478105872869492 0.474838256835938 0.433828324079514 0.441592037677765 0.396762251853943 0.412023186683655 0.434547334909439
0.754616975784302 0.753422379493713 0.753422379493713 0.751028180122375 0.748627603054047 0.73896324634552 0.735314846038818 0.749828696250916 0.769987821578979 0.775816023349762 0.782744169235229 0.78503692150116 0.789596855640411 0.791863679885864 0.791863679885864 0.790731370449066 0.789596855640411 0.788460195064545 0.787321269512177 0.786180078983307 0.783891558647156 0.780443012714386 0.779289364814758 0.774654269218445 0.769987642765045 0.778133630752563 0.783891558647156 0.790731370449066 0.797491490840912 0.79972642660141 0.797491490840912 0.792993724346161 0.78503692150116 0.778133630752563 0.768816232681274 0.755809843540192 0.727980971336365 0.720600962638855 0.711937725543976 0.673338055610657 0.665911138057709 0.699473857879639 0.695716679096222 0.681881010532379 0.669235825538635 0.63857638835907 0.600832760334015 0.549657940864563 0.466177135705948 0.418849676847458 0.444250524044037 0.457436859607697 0.417838960886002 0.446598559617996 0.494694292545319
