supmat2_scripts_points_rasters/rasters/tiformo3p5h.asc
NCOLS 360 
NROWS 480 
XLLCORNER 119.5 
YLLCORNER 21.5 
CELLSIZE 0.00833333333333333 
NODATA_value -9999 
[rows 240 to 263 of 480, columns 165 to 219 of 360]
0.2303516715765 0.201278284192085 0.174101933836937 0.247089743614197 0.254096299409866 0.197829589247704 0.200508251786232 0.20472739636898 0.133621335029602 0.0937687829136848 0.0847551971673965 0.111600294709206 0.130274042487144 0.157491341233253 0.168098330497742 0.138083636760712 0.123550526797771 0.127047538757324 0.115359969437122 0.11304634809494 0.0893029794096947 0.0732085406780243 0.0768755003809929 0.0781758576631546 0.0918419361114502 0.120780743658543 0.153965443372726 0.179764613509178 0.176133364439011 0.168435484170914 0.155421957373619 0.142254993319511 0.123792700469494 0.127513542771339 0.144367709755898 0.113750137388706 0.13443386554718 0.157758817076683 0.190859794616699 0.241778433322906 0.197382748126984 0.201522678136826 0.212092652916908 0.277365922927856 0.416766345500946 0.537911295890808 0.456692069768906 0.373703330755234 0.326903253793716 0.334442675113678 0.419963121414185 0.45902544260025 0.591180622577667 0.74918007850647 0.719659030437469
0.213676959276199 0.170521572232246 0.178522676229477 0.213597118854523 0.208594456315041 0.184482529759407 0.138945117592812 0.174697875976562 0.118469543755054 0.0820487961173058 0.0719009041786194 0.086490698158741 0.106858171522617 0.128597050905228 0.134504079818726 0.111021310091019 0.116751983761787 0.125117212533951 0.117975145578384 0.106137529015541 0.0862640589475632 0.0812316387891769 0.104235045611858 0.101241126656532 0.0978531092405319 0.124459505081177 0.161298602819443 0.200638100504875 0.190079048275948 0.174315437674522 0.15004400908947 0.15331856906414 0.137566357851028 0.118486553430557 0.120720952749252 0.0949381440877914 0.117782242596149 0.159682884812355 0.160377755761147 0.220935374498367 0.244927391409874 0.287142783403397 0.275456935167313 0.227887541055679 0.369254291057587 0.510243833065033 0.587695181369781 0.521929740905762 0.37901845574379 0.325240820646286 0.351133584976196 0.41183340549469 0.620995998382568 0.745931625366211 0.730968832969666
0.181346654891968 0.154356956481934 0.158158749341965 0.159081846475601 0.128826066851616 0.134332984685898 0.126372382044792 0.120841108262539 0.133693292737007 0.0887982845306396 0.0780482664704323 0.0936794802546501 0.093966007232666 0.115749754011631 0.141830131411552 0.141754314303398 0.134664580225945 0.117248952388763 0.102805152535439 0.0894164070487022 0.0828276798129082 0.0953557565808296 0.115774177014828 0.137345895171165 0.127813473343849 0.114295959472656 0.144521206617355 0.179474681615829 0.20829539000988 0.224300518631935 0.192924559116364 0.185862019658089 0.152000844478607 0.122377723455429 0.116482809185982 0.102954968810081 0.109980747103691 0.142624408006668 0.132177963852882 0.192255347967148 0.223766013979912 0.239317700266838 0.243830725550652 0.263446897268295 0.322624295949936 0.501544296741486 0.609183788299561 0.438262134790421 0.388217389583588 0.342302262783051 0.34892600774765 0.494828939437866 0.664886891841888 0.748878836631775 0.740869164466858
0.149329200387001 0.162199035286903 0.167080879211426 0.177986487746239 0.137373253703117 0.128243133425713 0.0957474485039711 0.0918096080422401 0.0962258651852608 0.0732985213398933 0.0735766068100929 0.0736310854554176 0.0880447626113892 0.110102623701096 0.144841477274895 0.144328206777573 0.134607315063477 0.134652435779572 0.108512729406357 0.0826240107417107 0.0830119550228119 0.0993829965591431 0.122849434614182 0.156348586082458 0.166163995862007 0.140916839241982 0.165872275829315 0.186093911528587 0.231627210974693 0.224530562758446 0.191133081912994 0.173618137836456 0.155478253960609 0.113536164164543 0.108290761709213 0.127307340502739 0.116762444376945 0.121384531259537 0.114576026797295 0.156803295016289 0.170642197132111 0.197041049599648 0.270242750644684 0.243951037526131 0.342285990715027 0.598021984100342 0.681311666965485 0.527555584907532 0.415419936180115 0.380883365869522 0.366473764181137 0.530651450157166 0.692300617694855 0.722472310066223 0.732311427593231
0.158817946910858 0.208099946379662 0.221783071756363 0.225630849599838 0.209688097238541 0.190115496516228 0.135651439428329 0.115871392190456 0.0886771827936172 0.0733722820878029 0.0757638067007065 0.0898193418979645 0.106021404266357 0.120233155786991 0.14150758087635 0.15642523765564 0.165765538811684 0.142996594309807 0.120038636028767 0.111096292734146 0.101956441998482 0.0986340641975403 0.115279167890549 0.147796958684921 0.192513480782509 0.199049890041351 0.181511610746384 0.215520650148392 0.254477739334106 0.252517312765121 0.216134294867516 0.185324728488922 0.161669835448265 0.131953939795494 0.116190522909164 0.152525067329407 0.143653243780136 0.115863814949989 0.119696892797947 0.144450500607491 0.162390351295471 0.228135660290718 0.301608949899673 0.245809957385063 0.411542594432831 0.507838070392609 0.691358149051666 0.715784251689911 0.661401391029358 0.605764508247375 0.479166328907013 0.495394140481949 0.561058819293976 0.6577188372612 0.735027492046356
0.203495740890503 0.241869658231735 0.237682178616524 0.253189474344254 0.225454315543175 0.178080752491951 0.156829610466957 0.116990715265274 0.0885831490159035 0.0732094123959541 0.0875020548701286 0.105085521936417 0.119658574461937 0.135896027088165 0.163407668471336 0.162537187337875 0.152188330888748 0.148513421416283 0.130964994430542 0.124324053525925 0.10819386690855 0.0972692146897316 0.123408615589142 0.157034993171692 0.1890759319067 0.23284038901329 0.197366818785667 0.190284833312035 0.245376840233803 0.261756151914597 0.239466920495033 0.204689413309097 0.155317395925522 0.126877307891846 0.139051765203476 0.182528346776962 0.162920206785202 0.125308066606522 0.134155631065369 0.151360899209976 0.176368564367294 0.211159527301788 0.284309864044189 0.246129557490349 0.294517338275909 0.474961698055267 0.648494899272919 0.696432292461395 0.737375259399414 0.677839577198029 0.567330837249756 0.550175249576569 0.660652339458466 0.723229944705963 0.732357501983643
0.247876778244972 0.224368378520012 0.232789039611816 0.238125443458557 0.19875456392765 0.15569880604744 0.110250122845173 0.0930759608745575 0.0786197409033775 0.0734427943825722 0.0730630829930305 0.0905827209353447 0.112588092684746 0.135005801916122 0.167388528585434 0.149174749851227 0.12498664855957 0.13556981086731 0.114903271198273 0.116498433053493 0.120889328420162 0.110683351755142 0.11263707280159 0.133396714925766 0.182728618383408 0.234758347272873 0.260641545057297 0.201813071966171 0.204188242554665 0.241659939289093 0.197736188769341 0.237290129065514 0.167671993374825 0.130181103944778 0.155274838209152 0.208814829587936 0.177813917398453 0.15746633708477 0.154874742031097 0.149494364857674 0.199041917920113 0.224508449435234 0.270565629005432 0.328226029872894 0.271906971931458 0.386351644992828 0.546446919441223 0.693912982940674 0.74036055803299 0.683048367500305 0.709540188312531 0.653527677059174 0.697245538234711 0.729438185691833 0.724845588207245
0.219744607806206 0.211364507675171 0.251163214445114 0.21344481408596 0.164479732513428 0.134172394871712 0.101973555982113 0.0875825583934784 0.099510446190834 0.0893566533923149 0.0734923407435417 0.0869116559624672 0.111275270581245 0.144750371575356 0.177390322089195 0.14467017352581 0.118455424904823 0.123524494469166 0.131219893693924 0.144688948988914 0.168033301830292 0.159018665552139 0.149962544441223 0.169425547122955 0.174192756414413 0.219292491674423 0.228106871247292 0.263586461544037 0.232243835926056 0.225915998220444 0.198821291327477 0.24359242618084 0.189311608672142 0.143454387784004 0.171360537409782 0.231534153223038 0.215052008628845 0.218607172369957 0.185380354523659 0.182921051979065 0.198205262422562 0.261510998010635 0.255824357271194 0.293914586305618 0.300929963588715 0.325032979249954 0.549612283706665 0.66182541847229 0.745070934295654 0.737802863121033 0.72241336107254 0.737260818481445 0.73098760843277 0.704151809215546 0.677097737789154
0.213494628667831 0.246481478214264 0.228247120976448 0.22998408973217 0.19156439602375 0.119981653988361 0.0995894446969032 0.113201446831226 0.12664794921875 0.0980786830186844 0.091718852519989 0.113737754523754 0.13836370408535 0.170152857899666 0.174343824386597 0.136967375874519 0.119214035570621 0.128581210970879 0.157972991466522 0.182204201817513 0.207473814487457 0.20127247273922 0.180090859532356 0.23467555642128 0.197724118828773 0.214271292090416 0.23315092921257 0.207340151071548 0.243897810578346 0.177381247282028 0.232887297868729 0.231229171156883 0.193473428487778 0.154136389493942 0.16645884513855 0.230510294437408 0.255039066076279 0.201490268111229 0.220466434955597 0.234159603714943 0.239133104681969 0.283582627773285 0.228821039199829 0.262891829013824 0.272323846817017 0.300658941268921 0.448401659727097 0.6182621717453 0.700651109218597 0.742599248886108 0.719544947147369 0.727803587913513 0.652523636817932 0.64392501115799 0.618962645530701
0.258154034614563 0.232025444507599 0.25630784034729 0.249754622578621 0.215714082121849 0.147043645381927 0.12034609913826 0.144528493285179 0.149401754140854 0.114816144108772 0.121667690575123 0.131671920418739 0.162109598517418 0.192854940891266 0.178363844752312 0.170404553413391 0.148335680365562 0.145066976547241 0.149951577186584 0.183572188019753 0.210613116621971 0.236124038696289 0.249707043170929 0.223423793911934 0.244818344712257 0.244380265474319 0.221206665039062 0.175833731889725 0.246106520295143 0.177210539579391 0.176898553967476 0.222121194005013 0.220810040831566 0.182564705610275 0.211135849356651 0.263263612985611 0.23464198410511 0.195003092288971 0.266664773225784 0.275311529636383 0.238353967666626 0.295173346996307 0.248774871230125 0.267704218626022 0.349857479333878 0.403888285160065 0.45740482211113 0.534004747867584 0.640010476112366 0.724113821983337 0.714981198310852 0.683905839920044 0.689790904521942 0.666618347167969 0.612761378288269
0.206519976258278 0.204966187477112 0.198295414447784 0.218631222844124 0.189145818352699 0.158488392829895 0.171134784817696 0.185217261314392 0.175999268889427 0.136528968811035 0.160162061452866 0.15126658976078 0.179581418633461 0.20326292514801 0.172571510076523 0.168000102043152 0.16982114315033 0.153657093644142 0.146196916699409 0.17570798099041 0.180719777941704 0.195631921291351 0.214941903948784 0.253004401922226 0.196595206856728 0.175621226429939 0.174717053771019 0.17757360637188 0.242663964629173 0.181879073381424 0.180834770202637 0.234254688024521 0.2257129997015 0.24880088865757 0.225938007235527 0.203653186559677 0.242673069238663 0.210092157125473 0.246490240097046 0.191745966672897 0.201974347233772 0.234025239944458 0.287618100643158 0.243710041046143 0.2907654941082 0.288643032312393 0.312982589006424 0.400481730699539 0.456043720245361 0.652045130729675 0.743610739707947 0.734737634658813 0.707656979560852 0.597797274589539 0.654877901077271
0.198896780610085 0.182019978761673 0.162663727998734 0.172399535775185 0.174782082438469 0.198421001434326 0.228460431098938 0.203381910920143 0.15073898434639 0.142004892230034 0.153016284108162 0.204974621534348 0.213437661528587 0.175674572587013 0.150062531232834 0.133398458361626 0.139083594083786 0.131999790668488 0.129055872559547 0.149568602442741 0.142530843615532 0.150328919291496 0.172078609466553 0.180242463946342 0.219473123550415 0.258536666631699 0.178015246987343 0.204449102282524 0.185004740953445 0.202604666352272 0.189988434314728 0.281511306762695 0.262164562940598 0.216602370142937 0.208664879202843 0.25927722454071 0.253058433532715 0.22455632686615 0.28351292014122 0.228189527988434 0.280248522758484 0.225902289152145 0.252934157848358 0.25049963593483 0.264276415109634 0.3025763630867 0.304140985012054 0.315834701061249 0.369500815868378 0.600153744220734 0.685191512107849 0.739042818546295 0.636643171310425 0.612610816955566 0.614869654178619
0.257657796144485 0.218011364340782 0.167337983846664 0.174727395176888 0.186312526464462 0.200767204165459 0.235184475779533 0.233225449919701 0.182333424687386 0.188491702079773 0.167145669460297 0.214146062731743 0.187121897935867 0.151062309741974 0.129944056272507 0.113364957273006 0.123730540275574 0.136694565415382 0.166449725627899 0.169404149055481 0.158480763435364 0.162611022591591 0.189320504665375 0.219995126128197 0.23465658724308 0.268271714448929 0.192050978541374 0.227741897106171 0.234049156308174 0.25086498260498 0.205272182822227 0.193435460329056 0.213045552372932 0.221825927495956 0.204232722520828 0.200926348567009 0.240285590291023 0.252737402915955 0.214613676071167 0.304326087236404 0.319259613752365 0.223423361778259 0.265739947557449 0.345633327960968 0.35677045583725 0.305442363023758 0.309881120920181 0.448134571313858 0.574301183223724 0.729130566120148 0.7426398396492 0.710677444934845 0.595350503921509 0.580047070980072 0.548764288425446
0.198668017983437 0.181217819452286 0.154889389872551 0.177597403526306 0.196929395198822 0.228172674775124 0.242656707763672 0.257937580347061 0.24782632291317 0.248264953494072 0.240349426865578 0.230170652270317 0.177547842264175 0.140507996082306 0.124195650219917 0.117224663496017 0.141976296901703 0.163291692733765 0.186350896954536 0.20601424574852 0.207856208086014 0.199386641383171 0.227228209376335 0.207865327596664 0.246891096234322 0.207394301891327 0.182063892483711 0.230623409152031 0.193424642086029 0.199675396084785 0.265821844339371 0.35364842414856 0.429528951644897 0.447192698717117 0.321703195571899 0.352268159389496 0.217493057250977 0.229937016963959 0.254158943891525 0.436767101287842 0.293601155281067 0.221315190196037 0.300524771213531 0.311327308416367 0.350777417421341 0.276647567749023 0.335238695144653 0.562053143978119 0.754799723625183 0.74457460641861 0.704629421234131 0.700560510158539 0.705349445343018 0.69525009393692 0.551350235939026
0.22001126408577 0.221525207161903 0.174261435866356 0.169690325856209 0.198837280273438 0.242544755339622 0.249595880508423 0.252571076154709 0.234620094299316 0.233232229948044 0.189467519521713 0.190404459834099 0.16396789252758 0.120245806872845 0.123720847070217 0.13985238969326 0.166671842336655 0.188298478722572 0.210590958595276 0.228138640522957 0.242621898651123 0.251728117465973 0.21282759308815 0.211639001965523 0.227730244398117 0.21817384660244 0.182681798934937 0.222235664725304 0.220838233828545 0.294181555509567 0.235059544444084 0.407759785652161 0.435850203037262 0.518839538097382 0.56210458278656 0.50364089012146 0.346326112747192 0.235833585262299 0.448599129915237 0.478544980287552 0.324056774377823 0.252899080514908 0.238380789756775 0.340676605701447 0.338297158479691 0.282711029052734 0.337158441543579 0.569530308246613 0.714236199855804 0.738764226436615 0.736809909343719 0.733255386352539 0.722981095314026 0.630123436450958 0.540903329849243
0.268406569957733 0.233520224690437 0.172286197543144 0.182836815714836 0.246759742498398 0.224692299962044 0.232556417584419 0.190844357013702 0.206612706184387 0.177738681435585 0.131619080901146 0.151240408420563 0.148667097091675 0.11042196303606 0.127288937568665 0.154344961047173 0.171267360448837 0.178001672029495 0.169487684965134 0.175764977931976 0.199044436216354 0.202433586120605 0.219985902309418 0.251399219036102 0.199517115950584 0.179817646741867 0.194187760353088 0.189865365624428 0.216228052973747 0.285077959299088 0.206331923604012 0.35719496011734 0.294278204441071 0.336320996284485 0.361207962036133 0.345823168754578 0.54690283536911 0.450780808925629 0.526884019374847 0.468850076198578 0.266426503658295 0.228083655238152 0.246798828244209 0.310205072164536 0.270848721265793 0.334830969572067 0.466724067926407 0.580751001834869 0.665442705154419 0.71583092212677 0.691252887248993 0.727472424507141 0.710221707820892 0.5802903175354 0.531753480434418
0.19993668794632 0.208298861980438 0.174443006515503 0.205559730529785 0.246359601616859 0.235705673694611 0.193130597472191 0.145858347415924 0.171264424920082 0.17683470249176 0.13380092382431 0.107717655599117 0.121660649776459 0.102331340312958 0.117820009589195 0.144246444106102 0.149143114686012 0.131422936916351 0.13962696492672 0.151769280433655 0.158708319067955 0.165973484516144 0.176340311765671 0.213242769241333 0.261239558458328 0.177399381995201 0.182410389184952 0.204609751701355 0.274173378944397 0.259305983781815 0.234011203050613 0.315787851810455 0.241425380110741 0.207133516669273 0.2093126475811 0.223719254136086 0.497341573238373 0.584198534488678 0.613805830478668 0.569494187831879 0.326785981655121 0.279998511075974 0.306541174650192 0.272769898176193 0.268701583147049 0.355782181024551 0.589428424835205 0.692022800445557 0.749480068683624 0.733848750591278 0.72954922914505 0.729780495166779 0.694839417934418 0.576046466827393 0.536329388618469
0.169861450791359 0.1519605666399 0.155591905117035 0.201049253344536 0.219045117497444 0.257670372724533 0.180994763970375 0.132411047816277 0.142612367868423 0.164806768298149 0.140279084444046 0.0976851731538773 0.089006744325161 0.0919365584850311 0.110618703067303 0.118587367236614 0.120670057833195 0.104514867067337 0.116216659545898 0.132351368665695 0.14670355618 0.170952722430229 0.217069402337074 0.247595310211182 0.240850046277046 0.175538718700409 0.181977152824402 0.273307263851166 0.261510580778122 0.239823758602142 0.216823533177376 0.263805776834488 0.21335569024086 0.246556356549263 0.309728294610977 0.217180773615837 0.355971157550812 0.417404234409332 0.608675539493561 0.618499577045441 0.646972179412842 0.663715958595276 0.606058180332184 0.414526373147964 0.27342015504837 0.312932163476944 0.57036954164505 0.714728534221649 0.745090007781982 0.712066769599915 0.729345619678497 0.723323047161102 0.659352660179138 0.570307433605194 0.54562896490097
0.163503006100655 0.181146934628487 0.181913167238235 0.242974787950516 0.201821491122246 0.248943328857422 0.196053758263588 0.1706602871418 0.151857703924179 0.193849265575409 0.174066975712776 0.120232172310352 0.101616263389587 0.110767379403114 0.125008702278137 0.118987746536732 0.0999390631914139 0.106068909168243 0.134785071015358 0.163843408226967 0.188283637166023 0.202503189444542 0.241136029362679 0.236130580306053 0.193542629480362 0.20055079460144 0.194117963314056 0.257559210062027 0.244537472724915 0.212938234210014 0.273359596729279 0.198093235492706 0.200670674443245 0.267509549856186 0.273144006729126 0.229209959506989 0.237718418240547 0.352051973342896 0.551213145256042 0.437091648578644 0.541657269001007 0.679613351821899 0.650229632854462 0.481871277093887 0.41022327542305 0.384640902280807 0.591159880161285 0.743145763874054 0.733246326446533 0.696797907352448 0.64890331029892 0.625259280204773 0.581220626831055 0.565471351146698 0.550356864929199
0.163580849766731 0.193119809031487 0.220286175608635 0.259739875793457 0.213569641113281 0.194860771298409 0.265432864427567 0.210799664258957 0.181686952710152 0.229584485292435 0.195457398891449 0.136572510004044 0.109429314732552 0.131436839699745 0.138911798596382 0.133351311087608 0.115221530199051 0.11744574457407 0.13044162094593 0.151887238025665 0.184303089976311 0.214133396744728 0.253968328237534 0.248728334903717 0.259586572647095 0.261744797229767 0.270190298557281 0.25098180770874 0.200528547167778 0.200432881712914 0.29184827208519 0.221445217728615 0.299305647611618 0.30470409989357 0.252217799425125 0.295764893293381 0.222577944397926 0.316122770309448 0.508529961109161 0.354445278644562 0.412943661212921 0.638732969760895 0.698508620262146 0.623174071311951 0.640557050704956 0.638935267925262 0.566087603569031 0.650057792663574 0.720537483692169 0.736748158931732 0.71806275844574 0.645902454853058 0.577699303627014 0.562157988548279 0.555406033992767
0.213775739073753 0.189519256353378 0.197479978203773 0.227998450398445 0.222904428839684 0.211546808481216 0.197142973542213 0.211448162794113 0.211107701063156 0.24952632188797 0.228044912219048 0.172293320298195 0.148713439702988 0.142811790108681 0.157223850488663 0.158124521374702 0.150954455137253 0.137142136693001 0.137049958109856 0.137636721134186 0.140856221318245 0.174383759498596 0.195418760180473 0.232877388596535 0.22640597820282 0.235079869627953 0.215772658586502 0.213627204298973 0.170586764812469 0.186652183532715 0.213513031601906 0.275226235389709 0.258255302906036 0.25184354186058 0.249486520886421 0.242174088954926 0.243368700146675 0.352872461080551 0.401818007230759 0.304321557283401 0.301070690155029 0.511691451072693 0.701878130435944 0.720728695392609 0.717851579189301 0.732249617576599 0.598460853099823 0.517190396785736 0.663327276706696 0.733320355415344 0.711546123027802 0.58830451965332 0.564480781555176 0.557810068130493 0.558676779270172
0.23874044418335 0.270182400941849 0.235060155391693 0.231480851769447 0.197583958506584 0.217531710863113 0.238248854875565 0.206145063042641 0.253727942705154 0.198039814829826 0.214771568775177 0.253113120794296 0.228646621108055 0.2130276709795 0.196662709116936 0.189013764262199 0.150078296661377 0.125163018703461 0.121332310140133 0.127102002501488 0.126512765884399 0.152885437011719 0.185447677969933 0.191194638609886 0.205054357647896 0.187409460544586 0.181645944714546 0.165096625685692 0.138544350862503 0.142572864890099 0.142148241400719 0.195193290710449 0.18904522061348 0.18670491874218 0.257926166057587 0.248475626111031 0.238100469112396 0.32051894068718 0.295212179422379 0.247460022568703 0.258980572223663 0.372380614280701 0.557873487472534 0.597964525222778 0.713128685951233 0.701232016086578 0.71543675661087 0.611729025840759 0.732094764709473 0.711178064346313 0.630873739719391 0.562591135501862 0.558210432529449 0.570424973964691 0.571282744407654
0.20947553217411 0.208325371146202 0.199361756443977 0.201371014118195 0.231480494141579 0.195789873600006 0.230987638235092 0.221816033124924 0.204342797398567 0.222991734743118 0.241726100444794 0.245936438441277 0.252427667379379 0.239743828773499 0.234838277101517 0.207945793867111 0.169154465198517 0.115872740745544 0.0984592661261559 0.106774590909481 0.110217735171318 0.134834885597229 0.148268863558769 0.141403779387474 0.156536996364594 0.154904320836067 0.150024905800819 0.129207819700241 0.16220261156559 0.15762485563755 0.125314429402351 0.165670022368431 0.165768936276436 0.190630540251732 0.228879451751709 0.319678872823715 0.236035987734795 0.249919548630714 0.248150631785393 0.258126199245453 0.28543746471405 0.271722763776779 0.376235485076904 0.603716969490051 0.741405606269836 0.694842100143433 0.734570682048798 0.669598042964935 0.722329795360565 0.723071038722992 0.615498781204224 0.556437253952026 0.56482058763504 0.568491041660309 0.576955854892731
0.247328281402588 0.293636351823807 0.245242536067963 0.29980206489563 0.227719411253929 0.219681739807129 0.205217212438583 0.188977003097534 0.204501613974571 0.234368875622749 0.16692453622818 0.165908515453339 0.178462654352188 0.165944293141365 0.17134715616703 0.157605826854706 0.134760066866875 0.113794595003128 0.0925418883562088 0.0912945494055748 0.0997197404503822 0.112364768981934 0.123104840517044 0.122998923063278 0.126572012901306 0.152210906147957 0.178082510828972 0.171138629317284 0.192702770233154 0.153874665498734 0.154068782925606 0.151059299707413 0.169674843549728 0.250903159379959 0.240387558937073 0.290876716375351 0.281168401241302 0.256222039461136 0.2930548787117 0.359450399875641 0.349654763936996 0.279994636774063 0.405520260334015 0.567701756954193 0.726509571075439 0.732594728469849 0.684254169464111 0.737208783626556 0.728053510189056 0.709021389484406 0.580932259559631 0.5662482380867 0.575736284255981 0.585519790649414 0.591173708438873
