supmat2_scripts_points_rasters/rasters/tiformo3p5h.asc
NCOLS 360 
NROWS 480 
XLLCORNER 119.5 
YLLCORNER 21.5 
CELLSIZE 0.00833333333333333 
NODATA_value -9999 
[rows 120 to 143 of 480, columns 220 to 274 of 360]
0.199934929609299 0.173191383481026 0.200529783964157 0.184318035840988 0.217242777347565 0.311222016811371 0.397900104522705 0.451851844787598 0.422746151685715 0.49655020236969 0.599100053310394 0.66223531961441 0.587085843086243 0.510608494281769 0.450974225997925 0.379879832267761 0.379505693912506 0.396731823682785 0.381388902664185 0.359367966651917 0.421231716871262 0.368113130331039 0.298464506864548 0.28651949763298 0.322529464960098 0.294191718101501 0.312147319316864 0.314535230398178 0.298456400632858 0.343341737985611 0.291705071926117 0.341619044542313 0.359278619289398 0.398620963096619 0.375231802463531 0.375326186418533 0.365999132394791 0.392133057117462 0.436617493629456 0.41564530134201 0.460527420043945 0.432853072881699 0.420374602079391 0.40907821059227 0.439900755882263 0.435067564249039 0.447777271270752 0.453888714313507 0.553351819515228 0.652096629142761 0.639464914798737 0.699548780918121 0.776661098003387 0.721981346607208 0.698847949504852
0.153732940554619 0.149401515722275 0.172406286001205 0.192835614085197 0.273115634918213 0.329487055540085 0.386861771345139 0.423468053340912 0.504702866077423 0.557840526103973 0.617976725101471 0.601206243038177 0.513558864593506 0.453435361385345 0.404817014932632 0.370192021131516 0.347689151763916 0.303867846727371 0.305490076541901 0.344579100608826 0.373057663440704 0.330953419208527 0.274620622396469 0.283648431301117 0.34118863940239 0.353603512048721 0.350176006555557 0.368025988340378 0.310417771339417 0.368933320045471 0.323954999446869 0.344266802072525 0.429020076990128 0.408496558666229 0.424364686012268 0.424596428871155 0.420953869819641 0.460389733314514 0.420612156391144 0.474005728960037 0.489460557699203 0.42818945646286 0.419636815786362 0.466792434453964 0.435000121593475 0.480930209159851 0.442837744951248 0.468824923038483 0.497640341520309 0.538900792598724 0.545257866382599 0.651426196098328 0.748148024082184 0.799048244953156 0.756999492645264
0.145830154418945 0.155508860945702 0.212304726243019 0.279503971338272 0.359530687332153 0.37611785531044 0.3879035115242 0.421677619218826 0.496178150177002 0.563109457492828 0.585515141487122 0.518614590167999 0.518606781959534 0.496184647083282 0.401628792285919 0.342524886131287 0.287905365228653 0.214386612176895 0.265623658895493 0.305959135293961 0.29718205332756 0.272314518690109 0.276015073060989 0.311869114637375 0.332989305257797 0.389736264944077 0.413749635219574 0.40242999792099 0.356857806444168 0.398832052946091 0.355395078659058 0.349613547325134 0.404633194208145 0.434682071208954 0.434720635414124 0.479489833116531 0.441560178995132 0.46347114443779 0.46792671084404 0.514798998832703 0.556930899620056 0.480087429285049 0.493509143590927 0.502944529056549 0.483179181814194 0.483944475650787 0.441867291927338 0.490190029144287 0.512153267860413 0.540900528430939 0.59883439540863 0.65574038028717 0.703187227249146 0.795970439910889 0.80200469493866
0.153550505638123 0.19872872531414 0.282404005527496 0.360416799783707 0.381540805101395 0.447062283754349 0.473444044589996 0.49946928024292 0.531602144241333 0.565586507320404 0.488015502691269 0.442275941371918 0.472559958696365 0.450336217880249 0.379076033830643 0.308288097381592 0.248415932059288 0.201628148555756 0.22061675786972 0.258778125047684 0.229102075099945 0.27486178278923 0.308839619159698 0.347076922655106 0.368466138839722 0.394368857145309 0.394368857145309 0.411867260932922 0.436780214309692 0.437904179096222 0.380062848329544 0.387557506561279 0.449311435222626 0.443643301725388 0.486243069171906 0.434012532234192 0.473612636327744 0.461784780025482 0.481224805116653 0.530625581741333 0.599963009357452 0.527412295341492 0.568663656711578 0.559784770011902 0.520769059658051 0.447788774967194 0.518552243709564 0.57369464635849 0.609077513217926 0.683607280254364 0.746698081493378 0.784167408943176 0.802554130554199 0.803876101970673 0.803665816783905
0.18059529364109 0.258927315473557 0.330241113901138 0.398905962705612 0.433182001113892 0.480614453554153 0.500660419464111 0.540306210517883 0.55148708820343 0.520047843456268 0.460832327604294 0.381665676832199 0.403805762529373 0.381796926259995 0.327201932668686 0.284562706947327 0.207769334316254 0.186469301581383 0.248982757329941 0.283536851406097 0.294499397277832 0.310617566108704 0.32750415802002 0.332258075475693 0.327472686767578 0.325064122676849 0.328973859548569 0.374551177024841 0.473073273897171 0.482427626848221 0.433581054210663 0.407085835933685 0.491202026605606 0.514752268791199 0.519055187702179 0.476151406764984 0.503864169120789 0.475058376789093 0.518844783306122 0.566542625427246 0.62430477142334 0.642094314098358 0.648852705955505 0.609417736530304 0.514371752738953 0.50690621137619 0.548492848873138 0.603309690952301 0.646693110466003 0.683491945266724 0.770745277404785 0.781962811946869 0.802042901515961 0.802335441112518 0.802282750606537
0.249400213360786 0.294745862483978 0.36470428109169 0.364628583192825 0.372662097215652 0.404682844877243 0.48389208316803 0.545870542526245 0.494510889053345 0.423369973897934 0.438735783100128 0.387526750564575 0.323575854301453 0.349842727184296 0.307850331068039 0.262444019317627 0.203005149960518 0.181512877345085 0.209740027785301 0.266757875680923 0.298134058713913 0.321376144886017 0.33299931883812 0.352924555540085 0.369322597980499 0.33150777220726 0.325154542922974 0.36859530210495 0.432334363460541 0.453576266765594 0.445746332406998 0.439862757921219 0.507074356079102 0.528759360313416 0.566754400730133 0.523217141628265 0.502123475074768 0.474060565233231 0.505138695240021 0.503024578094482 0.551092207431793 0.626335442066193 0.685380399227142 0.610420882701874 0.538880884647369 0.586962938308716 0.586777210235596 0.561206340789795 0.626639068126678 0.638577818870544 0.705108404159546 0.741784334182739 0.783177733421326 0.802387893199921 0.801929712295532
0.181526392698288 0.256357997655869 0.312163770198822 0.356115221977234 0.406385153532028 0.44699102640152 0.514421224594116 0.495734602212906 0.40624862909317 0.376875162124634 0.407295107841492 0.35887822508812 0.290800034999847 0.310992956161499 0.269919872283936 0.269052565097809 0.193286910653114 0.245357260107994 0.261564821004868 0.312244921922684 0.348272383213043 0.377903491258621 0.387042820453644 0.410139411687851 0.410237193107605 0.352264672517776 0.382900446653366 0.385625272989273 0.458269685506821 0.506723940372467 0.520110845565796 0.490800827741623 0.502278923988342 0.574723243713379 0.607851326465607 0.540547609329224 0.548077166080475 0.540476500988007 0.489437907934189 0.508245348930359 0.552072942256927 0.633018553256989 0.680993974208832 0.598235964775085 0.564937233924866 0.640451848506927 0.620173633098602 0.559145927429199 0.695781707763672 0.6833456158638 0.732441902160645 0.798503339290619 0.801738619804382 0.802792608737946 0.800216674804688
0.183090060949326 0.251327216625214 0.288350045681 0.333827197551727 0.369434595108032 0.463517367839813 0.495680183172226 0.424606025218964 0.37339723110199 0.363062232732773 0.337294489145279 0.285319119691849 0.262843608856201 0.280240893363953 0.202807664871216 0.197165668010712 0.178002297878265 0.247020646929741 0.300375521183014 0.35415244102478 0.407412201166153 0.440908282995224 0.427273750305176 0.477144032716751 0.439034670591354 0.402043431997299 0.451108008623123 0.418279707431793 0.404433995485306 0.476790368556976 0.505524098873138 0.581367909908295 0.56820422410965 0.609309375286102 0.643025040626526 0.586781859397888 0.596671104431152 0.589761555194855 0.496747851371765 0.530435502529144 0.578441500663757 0.645431816577911 0.678699791431427 0.644014596939087 0.643874645233154 0.66619211435318 0.612293124198914 0.593262493610382 0.692462861537933 0.776496827602386 0.796834647655487 0.796613156795502 0.802059412002563 0.802212536334991 0.800139963626862
0.254981130361557 0.299133539199829 0.357006639242172 0.39252296090126 0.422539353370667 0.457019478082657 0.444251775741577 0.350988894701004 0.338672816753387 0.323996365070343 0.316041380167007 0.254183322191238 0.19066709280014 0.20885968208313 0.173637509346008 0.17108853161335 0.204487606883049 0.207322016358376 0.271925985813141 0.332966834306717 0.401285439729691 0.439001798629761 0.465964019298553 0.485515266656876 0.512988865375519 0.476558238267899 0.499417006969452 0.422340571880341 0.421486675739288 0.508184194564819 0.491982579231262 0.562838912010193 0.638788938522339 0.604690790176392 0.663729906082153 0.641548991203308 0.639225482940674 0.556792914867401 0.491353720426559 0.542335152626038 0.58273833990097 0.632868647575378 0.665346205234528 0.681970655918121 0.697476863861084 0.696171224117279 0.702722668647766 0.664777457714081 0.692587912082672 0.76022469997406 0.76715612411499 0.77660459280014 0.752244472503662 0.777996718883514 0.800187647342682
0.190853551030159 0.265135169029236 0.328245729207993 0.351438611745834 0.412767559289932 0.433115988969803 0.365835815668106 0.327253431081772 0.276723593473434 0.296543449163437 0.254222244024277 0.194444447755814 0.156397253274918 0.175763547420502 0.158972933888435 0.161713317036629 0.245026051998138 0.291418015956879 0.319829791784286 0.375070482492447 0.399687021970749 0.417024344205856 0.470226496458054 0.533405005931854 0.510834276676178 0.484376221895218 0.474151641130447 0.480050712823868 0.465974688529968 0.52219557762146 0.485809803009033 0.514316201210022 0.592751324176788 0.662190139293671 0.689765810966492 0.644973695278168 0.593335926532745 0.560036361217499 0.53383994102478 0.508912563323975 0.549830794334412 0.574858009815216 0.610324501991272 0.654168605804443 0.675273954868317 0.668493330478668 0.689582824707031 0.729205965995789 0.751403450965881 0.747812807559967 0.721871912479401 0.749512553215027 0.726593673229218 0.721922218799591 0.773574590682983
0.173807188868523 0.266076564788818 0.318448632955551 0.363339483737946 0.382180124521255 0.394307106733322 0.364236772060394 0.322051465511322 0.280562669038773 0.245113089680672 0.177639409899712 0.137669965624809 0.132611036300659 0.144625648856163 0.133769392967224 0.142717182636261 0.196591258049011 0.305514544248581 0.368697047233582 0.395623207092285 0.422889709472656 0.452738136053085 0.472541958093643 0.539047062397003 0.531417965888977 0.536777913570404 0.530086934566498 0.476619482040405 0.478601455688477 0.525952875614166 0.581669926643372 0.601912617683411 0.616438210010529 0.685761034488678 0.680474698543549 0.613479137420654 0.563514590263367 0.603058934211731 0.547823250293732 0.461624264717102 0.471528470516205 0.498278886079788 0.498035699129105 0.537370920181274 0.592310130596161 0.544931471347809 0.620200157165527 0.658241629600525 0.689346373081207 0.67364239692688 0.677804291248322 0.702946841716766 0.726673662662506 0.709871411323547 0.753699839115143
0.204876706004143 0.274588406085968 0.316239148378372 0.340751677751541 0.324691206216812 0.364252597093582 0.353459507226944 0.320406079292297 0.298094213008881 0.247307479381561 0.168397650122643 0.120524123311043 0.118253648281097 0.119797013700008 0.149435251951218 0.167334631085396 0.207599982619286 0.315825492143631 0.331699341535568 0.357902586460114 0.323161423206329 0.374588131904602 0.451514065265656 0.43811222910881 0.439059197902679 0.469918787479401 0.552879929542542 0.546282768249512 0.551736533641815 0.585955083370209 0.640397667884827 0.676601409912109 0.686501502990723 0.686247885227203 0.700611412525177 0.672365725040436 0.661339581012726 0.633275389671326 0.565313875675201 0.478769361972809 0.453450053930283 0.490809351205826 0.457961112260818 0.444955289363861 0.542811274528503 0.52649986743927 0.571115911006927 0.578713059425354 0.603046774864197 0.569787204265594 0.603858649730682 0.617935657501221 0.715448677539825 0.70516836643219 0.773289799690247
0.197965979576111 0.256314098834991 0.266002833843231 0.271103382110596 0.273378074169159 0.32679483294487 0.323071777820587 0.274534225463867 0.200616255402565 0.196163386106491 0.155262976884842 0.109939984977245 0.097403347492218 0.114319615066051 0.143969923257828 0.182731315493584 0.261867195367813 0.284948408603668 0.28594234585762 0.289310157299042 0.254771649837494 0.305954039096832 0.356339275836945 0.356303930282593 0.43096724152565 0.454248607158661 0.533060133457184 0.566997408866882 0.60156923532486 0.625045895576477 0.634930670261383 0.614866375923157 0.625958919525146 0.615735471248627 0.665188372135162 0.703923106193542 0.643302857875824 0.642053306102753 0.617429614067078 0.524985492229462 0.457524746656418 0.45235550403595 0.411744296550751 0.457935750484467 0.463006138801575 0.459942787885666 0.464914232492447 0.545683741569519 0.572823464870453 0.532456696033478 0.570357263088226 0.64334511756897 0.694198131561279 0.705856144428253 0.799491286277771
0.197477474808693 0.261852085590363 0.247640177607536 0.205586776137352 0.247637629508972 0.294097572565079 0.258354604244232 0.209539040923119 0.167362093925476 0.148870930075645 0.113553754985332 0.0890582874417305 0.0809045508503914 0.107763387262821 0.109178729355335 0.1324492841959 0.16420416533947 0.18962636590004 0.185863897204399 0.204821556806564 0.244989350438118 0.284370690584183 0.308262050151825 0.317440927028656 0.413735032081604 0.460626751184464 0.467504590749741 0.523134768009186 0.560263395309448 0.565720856189728 0.557868182659149 0.512601852416992 0.524350464344025 0.574424505233765 0.570993781089783 0.711560964584351 0.69560033082962 0.715320885181427 0.620562195777893 0.528133690357208 0.488026827573776 0.485704213380814 0.464145928621292 0.460983723402023 0.475058317184448 0.466737926006317 0.478006184101105 0.544340848922729 0.536659061908722 0.52042955160141 0.5340256690979 0.601718664169312 0.649201154708862 0.705447435379028 0.799342334270477
0.26652404665947 0.253389000892639 0.20455701649189 0.18532358109951 0.18891005218029 0.208713889122009 0.183444395661354 0.156784072518349 0.13580510020256 0.113058380782604 0.100189626216888 0.090176023542881 0.0760692581534386 0.0828546434640884 0.090545542538166 0.115339703857899 0.132199302315712 0.149648830294609 0.144795969128609 0.17115044593811 0.177105963230133 0.272624522447586 0.272443801164627 0.316352546215057 0.351335763931274 0.381293177604675 0.488128513097763 0.497412770986557 0.470502138137817 0.500665605068207 0.453452885150909 0.480897903442383 0.503476858139038 0.465631693601608 0.518732011318207 0.651062071323395 0.699326157569885 0.705459952354431 0.585044205188751 0.521775484085083 0.468610942363739 0.495148599147797 0.562482178211212 0.509462058544159 0.465893149375916 0.496346443891525 0.441805720329285 0.482746243476868 0.484681218862534 0.510789573192596 0.507211029529572 0.535570740699768 0.615293025970459 0.705185234546661 0.799053072929382
0.275013417005539 0.251621395349503 0.204264417290688 0.169770210981369 0.150170713663101 0.150628879666328 0.143330663442612 0.173849627375603 0.158949598670006 0.146253570914268 0.10576219111681 0.0921333804726601 0.0804647281765938 0.0762675926089287 0.0872522667050362 0.114080317318439 0.131910637021065 0.135355398058891 0.154075846076012 0.170058444142342 0.187027186155319 0.210432112216949 0.199429005384445 0.264576315879822 0.333682060241699 0.389652848243713 0.423852175474167 0.481971889734268 0.43952015042305 0.461559146642685 0.475918054580688 0.463902413845062 0.425658285617828 0.465339630842209 0.611755847930908 0.688891768455505 0.674306988716125 0.750640630722046 0.705317676067352 0.613705396652222 0.547366321086884 0.646921336650848 0.609893500804901 0.516803741455078 0.454976588487625 0.459749042987823 0.459565848112106 0.447417199611664 0.487715393304825 0.554405927658081 0.523847281932831 0.573304653167725 0.66073203086853 0.75551050901413 -9999
0.268138647079468 0.212234854698181 0.182299226522446 0.168838873505592 0.148269966244698 0.151440069079399 0.155936539173126 0.178984090685844 0.147842571139336 0.140195965766907 0.114376746118069 0.0909573510289192 0.0764210969209671 0.0811852887272835 0.0759809911251068 0.0915157794952393 0.10557909309864 0.113268353044987 0.136382922530174 0.139608979225159 0.173712655901909 0.185776606202126 0.252181857824326 0.311185717582703 0.354833155870438 0.407449096441269 0.417293667793274 0.384767532348633 0.353346914052963 0.374239236116409 0.403547555208206 0.389934718608856 0.371352791786194 0.505620956420898 0.637520492076874 0.658756256103516 0.717277348041534 0.679820954799652 0.74981814622879 0.692966520786285 0.631407797336578 0.684800267219543 0.596520245075226 0.55336195230484 0.493550032377243 0.467807680368423 0.471532046794891 0.595371961593628 0.607382595539093 0.622617065906525 0.58559262752533 0.618463456630707 0.72795957326889 0.798463821411133 -9999
0.205785900354385 0.185094401240349 0.157905295491219 0.138088271021843 0.171153962612152 0.187247231602669 0.190851181745529 0.172599166631699 0.143623515963554 0.129877224564552 0.113695278763771 0.0895898267626762 0.0758704766631126 0.0777962356805801 0.0778046250343323 0.083684615790844 0.0927698686718941 0.111794255673885 0.113613791763783 0.12113369256258 0.142204478383064 0.167073950171471 0.208810016512871 0.284046083688736 0.332816243171692 0.363977909088135 0.434617936611176 0.417989462614059 0.356690108776093 0.384846389293671 0.366595834493637 0.344684660434723 0.408442229032516 0.532442808151245 0.635435163974762 0.632022142410278 0.667768716812134 0.709936857223511 0.748252391815186 0.757804274559021 0.715218186378479 0.654794037342072 0.593243837356567 0.606350123882294 0.536972939968109 0.46470046043396 0.494184702634811 0.685754239559174 0.720629513263702 0.674063682556152 0.615454077720642 0.618373215198517 0.722149610519409 -9999 -9999
0.208488091826439 0.170722350478172 0.136563152074814 0.163203164935112 0.210035353899002 0.213904768228531 0.200774759054184 0.192544803023338 0.177756175398827 0.150161191821098 0.114691533148289 0.0943940207362175 0.0830329954624176 0.107577189803123 0.0988506823778152 0.0903125405311584 0.115036621689796 0.125671789050102 0.109488673508167 0.120807893574238 0.147834286093712 0.166881948709488 0.191292092204094 0.226035624742508 0.305033981800079 0.280231416225433 0.350560426712036 0.468407452106476 0.456353276968002 0.487049043178558 0.431954741477966 0.432284206151962 0.447331517934799 0.558725893497467 0.618853747844696 0.645559191703796 0.630934357643127 0.614134728908539 0.679221630096436 0.725574851036072 0.747443377971649 0.714794397354126 0.692588627338409 0.609687566757202 0.553214609622955 0.497509717941284 0.54726368188858 0.714346170425415 0.75807386636734 0.698386251926422 0.642248868942261 0.707252025604248 0.798811376094818 -9999 -9999
0.188245043158531 0.160283491015434 0.16594685614109 0.191301643848419 0.253106564283371 0.183883383870125 0.176585137844086 0.169500589370728 0.15300452709198 0.15662544965744 0.143264055252075 0.100028395652771 0.0946892723441124 0.114168412983418 0.132912769913673 0.122461967170238 0.143038362264633 0.14918851852417 0.161443591117859 0.144273459911346 0.169746816158295 0.176895305514336 0.193170368671417 0.215953439474106 0.2103351354599 0.206622213125229 0.300999104976654 0.412274688482285 0.448805958032608 0.473202049732208 0.44315305352211 0.52392590045929 0.536944687366486 0.588618755340576 0.608804643154144 0.634441792964935 0.599692165851593 0.538878083229065 0.568417012691498 0.618256509304047 0.694562196731567 0.752940237522125 0.75070583820343 0.715580642223358 0.698667466640472 0.671842336654663 0.639163851737976 0.697950601577759 0.79207456111908 0.79255747795105 0.754090905189514 0.765015780925751 0.799322009086609 -9999 -9999
0.284602969884872 0.224142849445343 0.217573344707489 0.265661895275116 0.215318262577057 0.159216582775116 0.141281068325043 0.157891273498535 0.150495037436485 0.121451698243618 0.135219439864159 0.103178657591343 0.116193242371082 0.128961995244026 0.152518093585968 0.158039718866348 0.185564383864403 0.14149983227253 0.168136641383171 0.197482973337173 0.204279318451881 0.222785323858261 0.267019480466843 0.282431751489639 0.235399782657623 0.290841907262802 0.246125906705856 0.332372039556503 0.462314337491989 0.490200132131577 0.527068436145782 0.559951603412628 0.585486888885498 0.546961724758148 0.521818518638611 0.567401528358459 0.556308269500732 0.469051599502563 0.454935640096664 0.499155223369598 0.575859904289246 0.684110820293427 0.674932241439819 0.757673323154449 0.783831775188446 0.791315674781799 0.785496473312378 0.786136507987976 0.800539374351501 0.800092339515686 0.799198985099792 0.798748373985291 0.799247324466705 -9999 -9999
0.280223101377487 0.268210023641586 0.256547719240189 0.193113788962364 0.189485624432564 0.154387801885605 0.121454529464245 0.119810201227665 0.122394599020481 0.108243137598038 0.109732158482075 0.0975787565112114 0.121658079326153 0.159436672925949 0.162447482347488 0.189835280179977 0.21624194085598 0.183031067252159 0.165600672364235 0.202412396669388 0.264289438724518 0.282908797264099 0.295127034187317 0.315751045942307 0.333590090274811 0.354116767644882 0.323471039533615 0.310931175947189 0.357531279325485 0.406818419694901 0.448001444339752 0.463274508714676 0.536014139652252 0.465585708618164 0.468095183372498 0.486209779977798 0.461954951286316 0.429960399866104 0.420891433954239 0.458336979150772 0.531992495059967 0.601174294948578 0.616563558578491 0.67460423707962 0.707420170307159 0.723721206188202 0.767991840839386 0.788146734237671 0.800375699996948 0.800506114959717 0.799718260765076 0.799351334571838 0.799175381660461 -9999 -9999
0.22063159942627 0.268688708543777 0.184655100107193 0.174664348363876 0.194965049624443 0.178803518414497 0.145595833659172 0.108307428658009 0.0920166671276093 0.0846838504076004 0.0817472189664841 0.0977267622947693 0.135582372546196 0.162737503647804 0.188064828515053 0.214420348405838 0.267058104276657 0.270848423242569 0.20366732776165 0.239076271653175 0.231034621596336 0.212825164198875 0.223077267408371 0.286217838525772 0.348519712686539 0.393022179603577 0.355624616146088 0.380064725875854 0.366789638996124 0.471425235271454 0.462282568216324 0.441972076892853 0.515194177627563 0.456011265516281 0.40328460931778 0.351031422615051 0.39116570353508 0.417012006044388 0.363373428583145 0.44849169254303 0.506134450435638 0.488396495580673 0.571002066135406 0.584079504013062 0.629459083080292 0.627942681312561 0.656683802604675 0.678483009338379 0.74262946844101 0.799856841564178 0.799709916114807 0.799198389053345 0.798902094364166 -9999 -9999
0.184374317526817 0.258310824632645 0.218138575553894 0.218529582023621 0.195688828825951 0.165687620639801 0.164257436990738 0.130171835422516 0.0989051014184952 0.101746171712875 0.0880199149250984 0.0876523107290268 0.11613892018795 0.127711951732635 0.156576290726662 0.207196474075317 0.309949904680252 0.322147041559219 0.2380700558424 0.324324578046799 0.323551535606384 0.235958307981491 0.221034377813339 0.248364731669426 0.305916219949722 0.383198261260986 0.42390239238739 0.437525510787964 0.398426383733749 0.472466200590134 0.453869670629501 0.473071396350861 0.444965690374374 0.448876559734344 0.452136367559433 0.355728268623352 0.297436654567719 0.333864212036133 0.349561542272568 0.444068044424057 0.443306267261505 0.489005208015442 0.495494455099106 0.553097128868103 0.587873816490173 0.550212800502777 0.588325679302216 0.617856025695801 0.696513593196869 0.799356400966644 0.799436509609222 0.799128472805023 -9999 -9999 -9999
