supmat2_scripts_points_rasters/rasters/tiformo3p5h.asc
NCOLS 360 
NROWS 480 
XLLCORNER 119.5 
YLLCORNER 21.5 
CELLSIZE 0.00833333333333333 
NODATA_value -9999 
[rows 216 to 239 of 480, columns 55 to 109 of 360]
-9999 -9999 -9999 -9999 -9999 -9999 -9999 -9999 -9999 -9999 -9999 -9999 -9999 -9999 -9999 -9999 -9999 -9999 -9999 -9999 -9999 -9999 -9999 -9999 -9999 -9999 0.199885323643684 0.205804094672203 0.213193476200104 0.21566741168499 0.222252786159515 0.225755885243416 0.227558091282845 0.227092325687408 0.226755127310753 0.226035222411156 0.225686460733414 0.228872299194336 0.230917200446129 0.233099192380905 0.237382009625435 0.240272000432014 0.245258122682571 0.245010420680046 0.244948983192444 0.247063115239143 0.250075846910477 0.253807812929153 0.255975753068924 0.257969886064529 0.260508328676224 0.264357566833496 0.265542715787888 0.267036020755768 0.270614713430405
-9999 -9999 -9999 -9999 -9999 -9999 -9999 -9999 -9999 -9999 -9999 -9999 -9999 -9999 -9999 -9999 -9999 -9999 -9999 -9999 -9999 -9999 -9999 -9999 -9999 0.197813212871552 0.204023987054825 0.210963815450668 0.215740099549294 0.217729493975639 0.225032016634941 0.228009387850761 0.230363890528679 0.229098469018936 0.229336217045784 0.226969122886658 0.226207390427589 0.229591965675354 0.230088338255882 0.234670698642731 0.236805066466331 0.240806415677071 0.24164742231369 0.244363486766815 0.243276819586754 0.247615322470665 0.249228119850159 0.249499559402466 0.254282772541046 0.257660806179047 0.260820001363754 0.265818268060684 0.266433477401733 0.269103914499283 0.274236232042313
-9999 -9999 -9999 -9999 -9999 -9999 -9999 -9999 -9999 -9999 -9999 -9999 -9999 -9999 -9999 -9999 -9999 -9999 -9999 -9999 -9999 -9999 -9999 -9999 0.20108762383461 0.20705272257328 0.214388519525528 0.217022806406021 0.220818445086479 0.225290447473526 0.225445300340652 0.229020595550537 0.229359596967697 0.226506561040878 0.230358719825745 0.229861482977867 0.230310991406441 0.231149315834045 0.232468828558922 0.234887167811394 0.23838897049427 0.239479228854179 0.242400482296944 0.244597882032394 0.244900718331337 0.247282192111015 0.249256193637848 0.252333462238312 0.257418006658554 0.262084245681763 0.26562637090683 0.271503746509552 0.276334583759308 0.277207851409912 0.278749972581863
-9999 -9999 -9999 -9999 -9999 -9999 -9999 -9999 -9999 -9999 -9999 -9999 -9999 -9999 -9999 -9999 -9999 -9999 -9999 -9999 -9999 -9999 -9999 -9999 0.206808775663376 0.2144735455513 0.218514949083328 0.224610939621925 0.22533705830574 0.229665160179138 0.22594852745533 0.224693939089775 0.224423944950104 0.22544901072979 0.226180970668793 0.231967762112617 0.236256495118141 0.233273893594742 0.234063565731049 0.234534665942192 0.23700650036335 0.240003690123558 0.242642238736153 0.245109617710114 0.244851514697075 0.249287873506546 0.252347409725189 0.255483001470566 0.260326385498047 0.26530134677887 0.273081392049789 0.278472572565079 0.280054837465286 0.280065089464188 0.280364066362381
-9999 -9999 -9999 -9999 -9999 -9999 -9999 -9999 -9999 -9999 -9999 -9999 -9999 -9999 -9999 -9999 -9999 -9999 -9999 -9999 -9999 -9999 -9999 0.205530658364296 0.210074380040169 0.213668197393417 0.223634123802185 0.225584134459496 0.22709222137928 0.227335020899773 0.226198136806488 0.222941249608994 0.225425958633423 0.224623501300812 0.22800749540329 0.232001528143883 0.236730441451073 0.233529418706894 0.233240932226181 0.235895246267319 0.236735954880714 0.240171432495117 0.242665484547615 0.244851604104042 0.247906148433685 0.254088819026947 0.256939679384232 0.259247571229935 0.262961745262146 0.265018880367279 0.274881571531296 0.279211401939392 0.283228635787964 0.28510057926178 0.283203572034836
-9999 -9999 -9999 -9999 -9999 -9999 -9999 -9999 -9999 -9999 -9999 -9999 -9999 -9999 -9999 -9999 -9999 -9999 -9999 -9999 -9999 -9999 -9999 0.208601519465446 0.211133450269699 0.217216059565544 0.221726894378662 0.224220037460327 0.225491270422935 0.226197019219398 0.223415464162827 0.224152460694313 0.223333984613419 0.225419417023659 0.231379091739655 0.234065935015678 0.237289369106293 0.234326064586639 0.235864579677582 0.239896893501282 0.238607421517372 0.2402223944664 0.247098386287689 0.250152170658112 0.251204311847687 0.255827814340591 0.259258657693863 0.261222213506699 0.264467716217041 0.269197404384613 0.277467548847198 0.284844219684601 0.288858354091644 0.287322670221329 0.288871467113495
-9999 -9999 -9999 -9999 -9999 -9999 -9999 -9999 -9999 -9999 -9999 -9999 -9999 -9999 -9999 -9999 -9999 -9999 -9999 -9999 -9999 -9999 -9999 0.205776929855347 0.212975159287453 0.215898469090462 0.22316212952137 0.223892226815224 0.223624333739281 0.221894115209579 0.223358437418938 0.222310855984688 0.226420506834984 0.225910201668739 0.230611339211464 0.234875813126564 0.236450165510178 0.236168771982193 0.236684128642082 0.236380964517593 0.240393131971359 0.242662698030472 0.249541759490967 0.249523460865021 0.252345681190491 0.256427466869354 0.26015293598175 0.264751374721527 0.2674241065979 0.274632960557938 0.285156667232513 0.286949783563614 0.291027158498764 0.29103621840477 0.291371613740921
-9999 -9999 -9999 -9999 -9999 -9999 -9999 -9999 -9999 -9999 -9999 -9999 -9999 -9999 -9999 -9999 -9999 -9999 -9999 -9999 -9999 -9999 0.19750127196312 0.206663444638252 0.213003948330879 0.220942571759224 0.224172696471214 0.225195735692978 0.226421713829041 0.225161880254745 0.22309747338295 0.226653233170509 0.230062156915665 0.227687194943428 0.229221388697624 0.232414662837982 0.231640502810478 0.23611007630825 0.237695008516312 0.240106478333473 0.23933719098568 0.242859348654747 0.24644835293293 0.249514698982239 0.254589378833771 0.259184241294861 0.260089486837387 0.263299226760864 0.269497811794281 0.275196105241776 0.276955127716064 0.280419796705246 0.286641478538513 0.289119482040405 0.291647523641586
-9999 -9999 -9999 -9999 -9999 -9999 -9999 -9999 -9999 -9999 -9999 -9999 -9999 -9999 -9999 -9999 -9999 -9999 -9999 -9999 -9999 -9999 0.1995829641819 0.206154584884644 0.211007446050644 0.21942475438118 0.223173856735229 0.224699184298515 0.22590596973896 0.223807170987129 0.222055360674858 0.224555268883705 0.228680863976479 0.230744481086731 0.232077017426491 0.234246909618378 0.237429022789001 0.23604054749012 0.236641854047775 0.236827999353409 0.240905851125717 0.242034941911697 0.246964991092682 0.253405004739761 0.256833374500275 0.259751439094543 0.258899658918381 0.262970745563507 0.268553495407104 0.270349144935608 0.276028215885162 0.279080003499985 0.284965008497238 0.287772923707962 0.289672583341599
-9999 -9999 -9999 -9999 -9999 -9999 -9999 -9999 -9999 -9999 -9999 -9999 -9999 -9999 -9999 -9999 -9999 -9999 -9999 -9999 -9999 -9999 0.20025072991848 0.205463871359825 0.214150860905647 0.2156902551651 0.219639346003532 0.220360308885574 0.22466354072094 0.227174982428551 0.226905286312103 0.226834312081337 0.231303229928017 0.232346042990685 0.236013829708099 0.236858382821083 0.238015711307526 0.240078955888748 0.238959610462189 0.24031887948513 0.240631103515625 0.243875071406364 0.249420866370201 0.254522889852524 0.257668852806091 0.261211603879929 0.262641400098801 0.26529848575592 0.269075125455856 0.271696299314499 0.274414241313934 0.280588895082474 0.285874575376511 0.288979381322861 0.290600001811981
-9999 -9999 -9999 -9999 -9999 -9999 -9999 -9999 -9999 -9999 -9999 -9999 -9999 -9999 -9999 -9999 -9999 -9999 -9999 -9999 -9999 -9999 0.199498951435089 0.208996787667274 0.21417635679245 0.215160325169563 0.215624943375587 0.221117123961449 0.224384635686874 0.228957250714302 0.230257585644722 0.230401650071144 0.235495060682297 0.236782237887383 0.238153651356697 0.236522674560547 0.239249393343925 0.241128534078598 0.243007302284241 0.2454594373703 0.244151771068573 0.246651723980904 0.250214546918869 0.253061980009079 0.259642511606216 0.264050334692001 0.264048337936401 0.266381293535233 0.266410708427429 0.27054426074028 0.272925764322281 0.276585787534714 0.283667504787445 0.286117821931839 0.287765294313431
-9999 -9999 -9999 -9999 -9999 -9999 -9999 -9999 -9999 -9999 -9999 -9999 -9999 -9999 -9999 -9999 -9999 -9999 -9999 -9999 -9999 -9999 0.200628817081451 0.206978544592857 0.207376047968864 0.208786606788635 0.21492175757885 0.22242097556591 0.225652113556862 0.228660717606544 0.23172228038311 0.232497051358223 0.23672890663147 0.238105446100235 0.23817203938961 0.238709643483162 0.239998415112495 0.242992088198662 0.244375124573708 0.243742898106575 0.245752766728401 0.246613666415215 0.251094669103622 0.256725877523422 0.258783757686615 0.260556787252426 0.264298230409622 0.266067951917648 0.269011467695236 0.274498790502548 0.2763412296772 0.279066950082779 0.284248620271683 0.288675099611282 0.289927661418915
-9999 -9999 -9999 -9999 -9999 -9999 -9999 -9999 -9999 -9999 -9999 -9999 -9999 -9999 -9999 -9999 -9999 -9999 -9999 -9999 -9999 -9999 -9999 0.200619593262672 0.203273057937622 0.206352412700653 0.213896617293358 0.221338883042336 0.223794922232628 0.226874470710754 0.231177926063538 0.23224601149559 0.236486822366714 0.237517058849335 0.238944604992867 0.242203816771507 0.241585418581963 0.243764668703079 0.247122347354889 0.244833260774612 0.246251344680786 0.248249441385269 0.252726376056671 0.255518049001694 0.257250398397446 0.260177820920944 0.264829933643341 0.269288748502731 0.272639155387878 0.276238530874252 0.277803629636765 0.281492650508881 0.28559398651123 0.28830948472023 0.292135804891586
-9999 -9999 -9999 -9999 -9999 -9999 -9999 -9999 -9999 -9999 -9999 -9999 -9999 -9999 -9999 -9999 -9999 -9999 -9999 -9999 -9999 -9999 0.19758714735508 0.198752671480179 0.196934163570404 0.202945783734322 0.213826522231102 0.218317627906799 0.222891211509705 0.226119890809059 0.228584229946136 0.228594690561295 0.234806850552559 0.235370427370071 0.237532734870911 0.238069221377373 0.242323696613312 0.243149697780609 0.244783788919449 0.24760939180851 0.24900595843792 0.249043509364128 0.254082590341568 0.258010715246201 0.25833186507225 0.262807726860046 0.266869753599167 0.271982878446579 0.274981528520584 0.278358280658722 0.282478958368301 0.285557240247726 0.286188125610352 0.290572762489319 0.293712586164474
-9999 -9999 -9999 -9999 -9999 -9999 -9999 -9999 -9999 -9999 -9999 -9999 -9999 -9999 -9999 -9999 -9999 -9999 -9999 -9999 -9999 -9999 0.198269248008728 0.198450088500977 0.198458671569824 0.204150095582008 0.210938289761543 0.220130607485771 0.224680855870247 0.226639732718468 0.230428144335747 0.229327723383904 0.23428201675415 0.238583907485008 0.238568857312202 0.238557368516922 0.242329150438309 0.245331600308418 0.248358860611916 0.25143563747406 0.256639629602432 0.258371978998184 0.254562467336655 0.25998654961586 0.259174436330795 0.261285305023193 0.268361479043961 0.271057963371277 0.271681070327759 0.276828020811081 0.281142264604568 0.285513460636139 0.289615124464035 0.289941847324371 0.29660302400589
-9999 -9999 -9999 -9999 -9999 -9999 -9999 -9999 -9999 -9999 -9999 -9999 -9999 -9999 -9999 -9999 -9999 -9999 -9999 -9999 -9999 -9999 0.199313327670097 0.196558743715286 0.195703342556953 0.205053806304932 0.211355596780777 0.215352833271027 0.219511181116104 0.225395828485489 0.229965060949326 0.232797965407372 0.237252816557884 0.241282135248184 0.242863103747368 0.243396446108818 0.246442854404449 0.248019933700562 0.246928572654724 0.251129180192947 0.257170349359512 0.261515319347382 0.261474817991257 0.260605692863464 0.260582834482193 0.265571266412735 0.271530777215958 0.274323761463165 0.274702191352844 0.279885858297348 0.282339692115784 0.286453425884247 0.290904492139816 0.29338550567627 0.298870623111725
-9999 -9999 -9999 -9999 -9999 -9999 -9999 -9999 -9999 -9999 -9999 -9999 -9999 -9999 -9999 -9999 -9999 -9999 -9999 -9999 -9999 -9999 0.198597103357315 0.196336582303047 0.197690173983574 0.204770043492317 0.210544973611832 0.211827024817467 0.217228710651398 0.224602296948433 0.231752291321754 0.23410764336586 0.239326119422913 0.239336624741554 0.244239717721939 0.247215330600739 0.243697270750999 0.24772335588932 0.248312667012215 0.249984607100487 0.25478520989418 0.262901395559311 0.263449549674988 0.262879192829132 0.265863537788391 0.271537363529205 0.282165676355362 0.282467484474182 0.281009078025818 0.285037875175476 0.287321716547012 0.291201263666153 0.29502859711647 0.300465881824493 0.304031550884247
-9999 -9999 -9999 -9999 -9999 -9999 -9999 -9999 -9999 -9999 -9999 -9999 -9999 -9999 -9999 -9999 -9999 -9999 -9999 -9999 -9999 -9999 0.19767439365387 0.196785777807236 0.201572239398956 0.206387564539909 0.209037512540817 0.21232958137989 0.217936769127846 0.225893810391426 0.233091756701469 0.235924556851387 0.241776093840599 0.24067123234272 0.243684053421021 0.24609500169754 0.24466697871685 0.247183784842491 0.251327782869339 0.254477262496948 0.257034569978714 0.261104851961136 0.261407732963562 0.264258533716202 0.270482242107391 0.276233166456223 0.284594118595123 0.284658342599869 0.285946756601334 0.287848889827728 0.291327267885208 0.294624388217926 0.301105856895447 0.305401355028152 0.30762705206871
-9999 -9999 -9999 -9999 -9999 -9999 -9999 -9999 -9999 -9999 -9999 -9999 -9999 -9999 -9999 -9999 -9999 -9999 -9999 -9999 -9999 -9999 0.197656407952309 0.197632312774658 0.203463912010193 0.207760736346245 0.21067288517952 0.218673661351204 0.22376361489296 0.22788193821907 0.232494339346886 0.23666875064373 0.240684390068054 0.242531299591064 0.24286262691021 0.244135588407516 0.245203882455826 0.247455716133118 0.252431482076645 0.254136949777603 0.25874075293541 0.260436594486237 0.262128621339798 0.268001526594162 0.270979791879654 0.275319963693619 0.279643833637238 0.284315347671509 0.28248256444931 0.287834048271179 0.292597681283951 0.297477602958679 0.302355110645294 0.305682808160782 0.310961544513702
-9999 -9999 -9999 -9999 -9999 -9999 -9999 -9999 -9999 -9999 -9999 -9999 -9999 -9999 -9999 -9999 -9999 -9999 -9999 -9999 -9999 -9999 -9999 0.199688762426376 0.206271514296532 0.207742169499397 0.21313850581646 0.219643473625183 0.223942309617996 0.228346928954124 0.234046086668968 0.237465560436249 0.242803350090981 0.240599557757378 0.244407176971436 0.249079421162605 0.24938240647316 0.249073550105095 0.253780573606491 0.257235527038574 0.259244292974472 0.258969664573669 0.263003945350647 0.26918163895607 0.272182166576385 0.275817453861237 0.275936901569366 0.280480444431305 0.285538733005524 0.287841439247131 0.292197108268738 0.295832395553589 0.299737215042114 0.306655645370483 0.313259094953537
-9999 -9999 -9999 -9999 -9999 -9999 -9999 -9999 -9999 -9999 -9999 -9999 -9999 -9999 -9999 -9999 -9999 -9999 -9999 -9999 -9999 -9999 -9999 0.199794977903366 0.202426791191101 0.206718042492867 0.212852612137794 0.218921065330505 0.223683655261993 0.226996541023254 0.232083886861801 0.234441578388214 0.237306088209152 0.241936251521111 0.245233193039894 0.251600593328476 0.253073692321777 0.256132662296295 0.26066729426384 0.26248425245285 0.263526380062103 0.26529860496521 0.265047460794449 0.270641297101974 0.274282723665237 0.275244981050491 0.278360158205032 0.284221798181534 0.286747306585312 0.290899515151978 0.293919414281845 0.297170251607895 0.303955912590027 0.30887758731842 0.316350519657135
-9999 -9999 -9999 -9999 -9999 -9999 -9999 -9999 -9999 -9999 -9999 -9999 -9999 -9999 -9999 -9999 -9999 -9999 -9999 -9999 -9999 -9999 -9999 0.198612675070763 0.202408626675606 0.206011071801186 0.21257159113884 0.219087779521942 0.225149482488632 0.229501277208328 0.233082309365273 0.234677493572235 0.239214047789574 0.243817284703255 0.248477324843407 0.252991884946823 0.255212604999542 0.257529586553574 0.262122988700867 0.264801442623138 0.2688327729702 0.268278568983078 0.273982167243958 0.276065409183502 0.27667772769928 0.279068052768707 0.286290258169174 0.28925558924675 0.293386220932007 0.300227373838425 0.311482131481171 0.310550421476364 0.311956942081451 0.314623653888702 0.320843160152435
-9999 -9999 -9999 -9999 -9999 -9999 -9999 -9999 -9999 -9999 -9999 -9999 -9999 -9999 -9999 -9999 -9999 -9999 -9999 0.216001138091087 0.21028645336628 0.204751640558243 0.200986832380295 0.200702473521233 0.204735428094864 0.20837028324604 0.213580250740051 0.218784153461456 0.225919872522354 0.22791214287281 0.232791543006897 0.23539836704731 0.241569802165031 0.2452172935009 0.247616082429886 0.252694576978683 0.254652887582779 0.259523332118988 0.264475345611572 0.268894463777542 0.272430807352066 0.276376456022263 0.279702126979828 0.283037126064301 0.28182590007782 0.286841124296188 0.290676891803741 0.288785219192505 0.299456626176834 0.30805891752243 0.307167887687683 0.305889815092087 0.310874283313751 0.312257915735245 0.317464768886566
-9999 -9999 -9999 -9999 -9999 -9999 -9999 -9999 -9999 -9999 -9999 -9999 -9999 -9999 -9999 -9999 -9999 -9999 -9999 0.212280184030533 0.209561198949814 0.205921426415443 0.202129006385803 0.205183923244476 0.207105413079262 0.211243465542793 0.215509161353111 0.221247330307961 0.225896537303925 0.231445550918579 0.233296766877174 0.238027587532997 0.246192097663879 0.245854467153549 0.250064551830292 0.253527194261551 0.258038580417633 0.259710848331451 0.26670828461647 0.266450822353363 0.272999852895737 0.272710889577866 0.280279964208603 0.28143846988678 0.281534492969513 0.287782967090607 0.287183672189713 0.297207355499268 0.306063324213028 0.307796627283096 0.308500558137894 0.304656803607941 0.305022478103638 0.308387190103531 0.31352624297142
