supmat2_scripts_points_rasters/rasters/tiformo3p5h.asc
NCOLS 360 
NROWS 480 
XLLCORNER 119.5 
YLLCORNER 21.5 
CELLSIZE 0.00833333333333333 
NODATA_value -9999 
[rows 288 to 311 of 480, columns 165 to 219 of 360]
0.196653783321381 0.139052718877792 0.148923993110657 0.174040928483009 0.208442270755768 0.241699859499931 0.254205971956253 0.293540954589844 0.293927252292633 0.266678601503372 0.28644859790802 0.21818234026432 0.205228269100189 0.20777240395546 0.206115454435349 0.209991917014122 0.284969806671143 0.257501751184464 0.263689130544662 0.313859850168228 0.204213187098503 0.277824759483337 0.22261518239975 0.413401901721954 0.223024994134903 0.260858148336411 0.598133623600006 0.663789570331573 0.582145631313324 0.447288066148758 0.300121456384659 0.274834752082825 0.300888866186142 0.477521568536758 0.691997826099396 0.775112152099609 0.739566206932068 0.744472980499268 0.740325629711151 0.722206771373749 0.721340119838715 0.73275101184845 0.736789226531982 0.751661717891693 0.762505114078522 0.696319580078125 0.710569798946381 0.758152186870575 0.752090990543365 0.739855527877808 0.746239721775055 0.72837632894516 0.591135084629059 0.632936418056488 0.77630478143692
0.15351927280426 0.129866197705269 0.152671933174133 0.159730717539787 0.18960028886795 0.238957673311234 0.270791262388229 0.242107376456261 0.250740975141525 0.28560084104538 0.260920405387878 0.26856130361557 0.28571629524231 0.281675100326538 0.27014884352684 0.291217029094696 0.272380948066711 0.223061516880989 0.280017286539078 0.262711197137833 0.217823326587677 0.271081864833832 0.226005613803864 0.216574475169182 0.262555867433548 0.243171259760857 0.358678579330444 0.526553273200989 0.66042959690094 0.59563672542572 0.354789257049561 0.302899420261383 0.448398917913437 0.679045021533966 0.77849942445755 0.753815174102783 0.739284694194794 0.742073237895966 0.740344166755676 0.718362331390381 0.715099275112152 0.733162105083466 0.740733444690704 0.76006281375885 0.769876480102539 0.657812714576721 0.751677989959717 0.747893154621124 0.723449945449829 0.716115474700928 0.743004381656647 0.754879534244537 0.683338642120361 0.657910168170929 0.771718382835388
0.13109202682972 0.137621611356735 0.138799145817757 0.14973072707653 0.195518851280212 0.237981766462326 0.241516843438148 0.198023840785027 0.213770151138306 0.262407422065735 0.278173565864563 0.231481835246086 0.202119380235672 0.201941668987274 0.215942859649658 0.229161396622658 0.205488830804825 0.233415350317955 0.306631147861481 0.280631482601166 0.308053433895111 0.293009340763092 0.248134016990662 0.324556469917297 0.344240993261337 0.28714308142662 0.275878101587296 0.558773219585419 0.537689805030823 0.412397593259811 0.332801967859268 0.628611326217651 0.709603607654572 0.761434733867645 0.765642404556274 0.739041328430176 0.73912513256073 0.737126171588898 0.733076572418213 0.714167952537537 0.710403501987457 0.726467072963715 0.738903641700745 0.761741757392883 0.730669677257538 0.66333943605423 0.768288671970367 0.751069784164429 0.715260207653046 0.714213609695435 0.742238223552704 0.759326457977295 0.693873524665833 0.726550996303558 0.738869965076447
0.113606631755829 0.128899902105331 0.148689925670624 0.176394253969193 0.197224095463753 0.230965539813042 0.195403292775154 0.162177592515945 0.196749418973923 0.232944190502167 0.273850321769714 0.217293277382851 0.163169905543327 0.154287487268448 0.192277669906616 0.192494064569473 0.201655715703964 0.250927209854126 0.270659387111664 0.252141743898392 0.265953302383423 0.311944216489792 0.309033066034317 0.299604535102844 0.272962480783463 0.236195370554924 0.321061849594116 0.505206108093262 0.430551409721375 0.255980432033539 0.268006384372711 0.537077367305756 0.717076420783997 0.77724951505661 0.74702787399292 0.738003075122833 0.737676441669464 0.73573225736618 0.726084589958191 0.70513504743576 0.708923995494843 0.732877910137177 0.750921666622162 0.7678142786026 0.684067845344543 0.719208836555481 0.766264319419861 0.741770505905151 0.721246123313904 0.703183948993683 0.716433525085449 0.746772527694702 0.722795486450195 0.695805132389069 0.746983885765076
0.130484700202942 0.153654009103775 0.169972196221352 0.190259367227554 0.201048851013184 0.217604726552963 0.171918943524361 0.165039718151093 0.204540923237801 0.243162766098976 0.254751861095428 0.193258687853813 0.171169772744179 0.179392978549004 0.171160593628883 0.186222180724144 0.198755472898483 0.209283977746964 0.235697463154793 0.260946691036224 0.306477278470993 0.319585770368576 0.295288681983948 0.292734503746033 0.341908425092697 0.232148826122284 0.433501869440079 0.321816951036453 0.251188516616821 0.263714581727982 0.371891736984253 0.545925915241241 0.729878664016724 0.777164578437805 0.748291611671448 0.733511924743652 0.728188157081604 0.72278767824173 0.708265125751495 0.691429972648621 0.741620421409607 0.745350003242493 0.754072189331055 0.778681874275208 0.697074949741364 0.746730268001556 0.761112213134766 0.72648298740387 0.71262514591217 0.708774089813232 0.689219355583191 0.717449009418488 0.762462854385376 0.764809250831604 0.715012907981873
0.119542986154556 0.140867099165916 0.139404162764549 0.143990114331245 0.16277539730072 0.191388443112373 0.154100373387337 0.151563331484795 0.176433399319649 0.219446152448654 0.233616650104523 0.184066161513329 0.172434136271477 0.217724829912186 0.200697019696236 0.227874606847763 0.216261312365532 0.2441516071558 0.266836047172546 0.292100548744202 0.304109573364258 0.28621318936348 0.274672508239746 0.296412169933319 0.296299070119858 0.248321950435638 0.349082231521606 0.256182581186295 0.267397671937943 0.513220429420471 0.646042883396149 0.657886445522308 0.745263338088989 0.77827775478363 0.737626373767853 0.731865108013153 0.725920677185059 0.712800681591034 0.704935193061829 0.725190699100494 0.739355027675629 0.750294089317322 0.769994556903839 0.757890641689301 0.743860900402069 0.78011816740036 0.758269786834717 0.713382601737976 0.6974738240242 0.700114786624908 0.662338316440582 0.726910293102264 0.759075999259949 0.726512849330902 0.682345747947693
0.113879941403866 0.130151867866516 0.135730877518654 0.146130681037903 0.170710831880569 0.170755580067635 0.143016830086708 0.160435661673546 0.182572171092033 0.212530821561813 0.229220911860466 0.181476220488548 0.177480518817902 0.227433934807777 0.243984401226044 0.26224422454834 0.264360547065735 0.292200982570648 0.306287109851837 0.282775938510895 0.259543269872665 0.3335020840168 0.286714792251587 0.245039686560631 0.246214210987091 0.283135205507278 0.259578078985214 0.286432027816772 0.276682138442993 0.606645524501801 0.707959711551666 0.761681139469147 0.783825397491455 0.755237579345703 0.73791766166687 0.735572338104248 0.71933376789093 0.715624213218689 0.738856911659241 0.743882536888123 0.744714021682739 0.762869894504547 0.784061431884766 0.690548956394196 0.780515253543854 0.769903779029846 0.731058537960052 0.710647225379944 0.671237170696259 0.683371305465698 0.643513023853302 0.728713393211365 0.75026673078537 0.72635692358017 0.640070259571075
0.125550016760826 0.150170624256134 0.174965262413025 0.17645451426506 0.177931919693947 0.166808918118477 0.148856312036514 0.158981516957283 0.187326088547707 0.218524381518364 0.208974912762642 0.177432626485825 0.178390830755234 0.225369960069656 0.280543208122253 0.302486538887024 0.316553950309753 0.246596679091454 0.266134172677994 0.30501252412796 0.322546094655991 0.306439280509949 0.309647768735886 0.28168597817421 0.304808855056763 0.26776534318924 0.306877851486206 0.352161854505539 0.294389247894287 0.537982106208801 0.688851118087769 0.776861369609833 0.788703083992004 0.751718282699585 0.73098486661911 0.716616213321686 0.704927384853363 0.740715146064758 0.760673403739929 0.761176526546478 0.762535750865936 0.780102550983429 0.766312301158905 0.777679741382599 0.78240442276001 0.760014593601227 0.731211006641388 0.705522298812866 0.626897573471069 0.616217494010925 0.658299088478088 0.727441787719727 0.758513987064362 0.732325613498688 0.652272284030914
0.137949630618095 0.141915783286095 0.180361092090607 0.212378367781639 0.217018187046051 0.189633280038834 0.164116159081459 0.17652927339077 0.194435089826584 0.207212582230568 0.18715788424015 0.190165385603905 0.218838334083557 0.244028195738792 0.313587665557861 0.264957547187805 0.254168808460236 0.350031822919846 0.301600456237793 0.264377176761627 0.303356915712357 0.343906670808792 0.299501061439514 0.305871546268463 0.308763027191162 0.303292244672775 0.342409014701843 0.294611871242523 0.394776880741119 0.455443918704987 0.658599555492401 0.743076145648956 0.788766086101532 0.744166374206543 0.707690477371216 0.697710573673248 0.704455971717834 0.738299489021301 0.749670147895813 0.753739535808563 0.769036114215851 0.786100447177887 0.748597145080566 0.789365828037262 0.781634330749512 0.74471777677536 0.674794554710388 0.638133704662323 0.598034977912903 0.63400137424469 0.693028271198273 0.740970194339752 0.756845414638519 0.709473431110382 0.639429807662964
0.185633420944214 0.172266945242882 0.189305439591408 0.217061996459961 0.245628207921982 0.215178951621056 0.191557005047798 0.176453813910484 0.163084983825684 0.183600023388863 0.196840137243271 0.197849810123444 0.258355051279068 0.311948120594025 0.289089024066925 0.263770312070847 0.35008379817009 0.523281812667847 0.545992970466614 0.443471699953079 0.310041636228561 0.562254190444946 0.557195842266083 0.41662272810936 0.310213685035706 0.373977661132812 0.319856077432632 0.401932269334793 0.624709248542786 0.655584335327148 0.694726943969727 0.781042516231537 0.755092203617096 0.709504306316376 0.681271374225616 0.6835817694664 0.728742778301239 0.762492179870605 0.76339590549469 0.77029812335968 0.789515912532806 0.743783414363861 0.773356258869171 0.786072611808777 0.751937031745911 0.716022312641144 0.678570091724396 0.598356187343597 0.584583401679993 0.621815085411072 0.716405689716339 0.760126829147339 0.755079090595245 0.633794486522675 0.630806982517242
0.250597596168518 0.222834527492523 0.229513704776764 0.260281443595886 0.263924717903137 0.243359729647636 0.22007317841053 0.196519061923027 0.1559928804636 0.178534835577011 0.19353960454464 0.18888433277607 0.239641800522804 0.253526926040649 0.292813539505005 0.322146356105804 0.323540806770325 0.277544260025024 0.296641707420349 0.534187495708466 0.586554169654846 0.627887845039368 0.600850522518158 0.410587787628174 0.306570768356323 0.331452935934067 0.420112907886505 0.474407255649567 0.635461807250977 0.735364675521851 0.768241882324219 0.791371583938599 0.73954039812088 0.693006217479706 0.671664535999298 0.667407751083374 0.732413291931152 0.769163966178894 0.766752481460571 0.775475561618805 0.787430644035339 0.720498979091644 0.791474878787994 0.791642785072327 0.760322093963623 0.720283031463623 0.667594075202942 0.607136368751526 0.566503286361694 0.607827126979828 0.733412742614746 0.765075922012329 0.708876848220825 0.546879768371582 -9999
0.28833344578743 0.27814581990242 0.294216960668564 0.298250049352646 0.293579399585724 0.275213897228241 0.24945105612278 0.193043410778046 0.164323478937149 0.181296095252037 0.178446844220161 0.173825353384018 0.183029055595398 0.229831427335739 0.262114644050598 0.255386203527451 0.318014949560165 0.313389807939529 0.31026029586792 0.56780081987381 0.642395973205566 0.650150060653687 0.578612506389618 0.377102911472321 0.329882949590683 0.337686091661453 0.579586327075958 0.648792922496796 0.719235360622406 0.762431561946869 0.791792929172516 0.764240682125092 0.745814979076385 0.690812826156616 0.661997675895691 0.66643100976944 0.74696010351181 0.765565574169159 0.746262192726135 0.777745544910431 0.771084725856781 0.770038545131683 0.785095930099487 0.753590047359467 0.711322724819183 0.654164731502533 0.616405189037323 0.602929174900055 0.571010172367096 0.562354803085327 0.671322047710419 0.751711308956146 0.636138558387756 0.625600337982178 -9999
0.323830246925354 0.339653879404068 0.33520296216011 0.316960602998734 0.267213642597198 0.256154090166092 0.236302062869072 0.228140220046043 0.195414304733276 0.185481861233711 0.174587666988373 0.152216285467148 0.161790549755096 0.182701408863068 0.215733259916306 0.20686848461628 0.270715683698654 0.314050048589706 0.514499187469482 0.610035538673401 0.642393469810486 0.670132756233215 0.607442617416382 0.407850205898285 0.322455435991287 0.329891920089722 0.391160637140274 0.629511713981628 0.665803015232086 0.759685754776001 0.788281440734863 0.76335734128952 0.740369856357574 0.691509962081909 0.653842806816101 0.668166816234589 0.744124472141266 0.743492066860199 0.740415036678314 0.766803324222565 0.791427910327911 0.791463792324066 0.784464776515961 0.765434741973877 0.706974804401398 0.648311257362366 0.588574409484863 0.586470305919647 0.564277410507202 0.557853877544403 0.61159074306488 0.628962755203247 0.536454498767853 0.614479780197144 -9999
0.340059876441956 0.346692979335785 0.321616739034653 0.296902596950531 0.30596724152565 0.288312405347824 0.23688317835331 0.248079717159271 0.227433502674103 0.210493236780167 0.179258912801743 0.170998200774193 0.174051403999329 0.167769461870193 0.1579719632864 0.185704618692398 0.241223409771919 0.325893342494965 0.322909861803055 0.574350655078888 0.550198078155518 0.640041708946228 0.692163288593292 0.642934441566467 0.518001317977905 0.508462965488434 0.52086877822876 0.649274826049805 0.659935474395752 0.754970848560333 0.790786504745483 0.759937465190887 0.724691331386566 0.671972095966339 0.640893876552582 0.646994829177856 0.696211457252502 0.742268085479736 0.775958478450775 0.767921566963196 0.789891004562378 0.79115891456604 0.762584924697876 0.731154084205627 0.705992043018341 0.644835948944092 0.581344485282898 0.596354603767395 0.63151627779007 0.706552922725677 0.592700839042664 0.530733048915863 0.625224709510803 -9999 -9999
0.360341757535934 0.367302566766739 0.334830403327942 0.344449877738953 0.336743742227554 0.306692063808441 0.251723140478134 0.282215088605881 0.276274681091309 0.230498254299164 0.195084318518639 0.204572215676308 0.210494577884674 0.204621210694313 0.157307326793671 0.164729237556458 0.228587865829468 0.336764216423035 0.475937008857727 0.547982513904572 0.473419457674026 0.559960246086121 0.658698379993439 0.71898090839386 0.700129747390747 0.665355920791626 0.677123725414276 0.739759981632233 0.749863862991333 0.767102599143982 0.790991723537445 0.746183216571808 0.707994639873505 0.66667777299881 0.629638314247131 0.642427802085876 0.728427946567535 0.762197554111481 0.760135054588318 0.746914923191071 0.772488474845886 0.791043162345886 0.754790961742401 0.702671349048615 0.643830955028534 0.633166432380676 0.589736461639404 0.722681939601898 0.758658230304718 0.761997878551483 0.653608381748199 0.549292147159576 0.614714503288269 -9999 -9999
0.389506876468658 0.387973964214325 0.362790554761887 0.361416816711426 0.347084015607834 0.334425896406174 0.275214672088623 0.314697742462158 0.276553958654404 0.221265688538551 0.1861851811409 0.209822550415993 0.246113181114197 0.214482769370079 0.168604478240013 0.172400325536728 0.208553180098534 0.290008723735809 0.315438836812973 0.42945659160614 0.339043319225311 0.366310805082321 0.550840318202972 0.641410946846008 0.747420430183411 0.771051704883575 0.784835457801819 0.791604280471802 0.778306484222412 0.765620231628418 0.75310617685318 0.742533385753632 0.706598401069641 0.666213095188141 0.624646067619324 0.613770127296448 0.684626936912537 0.741204857826233 0.733829915523529 0.746338129043579 0.784805595874786 0.761968910694122 0.725836396217346 0.675770044326782 0.610513865947723 0.622851252555847 0.73100209236145 0.778825044631958 0.743766605854034 0.737228095531464 0.61396586894989 0.503277599811554 -9999 -9999 -9999
0.40719798207283 0.455983579158783 0.380874484777451 0.372871100902557 0.367686420679092 0.318506598472595 0.302125930786133 0.33394929766655 0.301746189594269 0.238219022750854 0.204977914690971 0.223634779453278 0.267350822687149 0.235150068998337 0.194425463676453 0.20784218609333 0.250650078058243 0.27896574139595 0.345500439405441 0.363898873329163 0.361333966255188 0.354542940855026 0.382886737585068 0.610000193119049 0.698626577854156 0.711190760135651 0.747195065021515 0.774864196777344 0.791050791740417 0.769949913024902 0.748298645019531 0.717078685760498 0.695670902729034 0.653175354003906 0.6158047914505 0.60411274433136 0.649292290210724 0.69009530544281 0.734888315200806 0.765918254852295 0.79082727432251 0.787689447402954 0.736667513847351 0.689965307712555 0.65261834859848 0.755770325660706 0.782401978969574 0.783522486686707 0.750853061676025 0.607353508472443 0.495576292276382 -9999 -9999 -9999 -9999
0.407171279191971 0.43603977560997 0.474699854850769 0.472463011741638 0.386035203933716 0.357253670692444 0.342137336730957 0.340083092451096 0.288058340549469 0.257769972085953 0.211172133684158 0.219044715166092 0.268765091896057 0.264849752187729 0.202972561120987 0.229367643594742 0.29253363609314 0.340301364660263 0.357308804988861 0.314525693655014 0.332258760929108 0.384139120578766 0.390903532505035 0.454320222139359 0.627306938171387 0.615771174430847 0.643090844154358 0.705619335174561 0.764931261539459 0.790678560733795 0.752201676368713 0.706279218196869 0.680453598499298 0.64019238948822 0.610420167446136 0.596812188625336 0.67307460308075 0.733593642711639 0.77227771282196 0.790985703468323 0.783871650695801 0.769188046455383 0.761573135852814 0.718921363353729 0.758650422096252 0.79037469625473 0.779857993125916 0.756570816040039 0.706125676631927 0.507029592990875 -9999 -9999 -9999 -9999 -9999
0.43179976940155 0.478986859321594 0.472681045532227 0.472709655761719 0.47856616973877 0.404116839170456 0.360912024974823 0.324767827987671 0.269652098417282 0.223232373595238 0.200495973229408 0.196085140109062 0.253422528505325 0.296968311071396 0.269863367080688 0.290236175060272 0.309041887521744 0.355508983135223 0.351505607366562 0.32722133398056 0.371059536933899 0.420337170362473 0.391444742679596 0.414897173643112 0.564140677452087 0.598974943161011 0.67845618724823 0.708728671073914 0.763765871524811 0.781998515129089 0.747779071331024 0.700669527053833 0.653925716876984 0.627515971660614 0.613670289516449 0.614406228065491 0.696918606758118 0.774486720561981 0.785227298736572 0.790909707546234 0.754614353179932 0.735543251037598 0.733122289180756 0.723372638225555 0.783755958080292 0.790146946907043 0.775073528289795 0.722812294960022 0.526846051216125 -9999 -9999 -9999 -9999 -9999 -9999
0.456510424613953 0.493480443954468 0.49966299533844 0.464624285697937 0.505701720714569 0.458111524581909 0.37178435921669 0.327227592468262 0.301349639892578 0.234547331929207 0.216304302215576 0.246080011129379 0.248425230383873 0.31779533624649 0.346770286560059 0.353174477815628 0.359903782606125 0.364826023578644 0.370825886726379 0.384825497865677 0.484612166881561 0.548046886920929 0.476031899452209 0.552220582962036 0.617850542068481 0.646474659442902 0.676099956035614 0.766162157058716 0.790728688240051 0.779914081096649 0.759362041950226 0.7034752368927 0.633317172527313 0.607641160488129 0.593607604503632 0.605215907096863 0.761495292186737 0.789821565151215 0.79124927520752 0.765025496482849 0.748247265815735 0.735191106796265 0.762234210968018 0.78914487361908 0.790079653263092 0.790037393569946 0.725170493125916 0.557260513305664 -9999 -9999 -9999 -9999 -9999 -9999 -9999
0.457678198814392 0.472911596298218 0.493487954139709 0.499723672866821 0.489037543535233 0.503568708896637 0.455141365528107 0.378300726413727 0.334500670433044 0.264911085367203 0.238216698169708 0.270242780447006 0.266397207975388 0.234474509954453 0.324455171823502 0.417244136333466 0.476941406726837 0.439326018095016 0.383147925138474 0.397344946861267 0.513574361801147 0.612918019294739 0.581607341766357 0.618017554283142 0.685449600219727 0.710366725921631 0.675718724727631 0.73001629114151 0.790733814239502 0.776887118816376 0.767776668071747 0.703734815120697 0.624127507209778 0.582600474357605 0.637039244174957 0.730324685573578 0.775851488113403 0.79148268699646 0.784799933433533 0.778856754302979 0.78416520357132 0.777552664279938 0.773839056491852 0.765548527240753 0.789838135242462 0.751224637031555 0.567437529563904 0.494515836238861 -9999 -9999 -9999 -9999 -9999 -9999 -9999
0.420186370611191 0.447675317525864 0.402625113725662 0.430870205163956 0.446409285068512 0.484726846218109 0.505649387836456 0.457017481327057 0.376391142606735 0.303881138563156 0.25830739736557 0.30055958032608 0.300449013710022 0.271008133888245 0.367295384407043 0.415944635868073 0.524219155311584 0.547053515911102 0.525456666946411 0.414280712604523 0.537004947662354 0.651679575443268 0.669138789176941 0.705253779888153 0.75107878446579 0.766326189041138 0.759579539299011 0.775954067707062 0.790918529033661 0.78998601436615 0.77133983373642 0.661437630653381 0.579119682312012 0.609732568264008 0.670100510120392 0.753053784370422 0.787384033203125 0.79119598865509 0.791175544261932 0.790646016597748 0.780059933662415 0.774953603744507 0.753219544887543 0.786573350429535 0.734643936157227 0.568260192871094 0.497504681348801 0.469276309013367 -9999 -9999 -9999 -9999 -9999 -9999 -9999
0.349952280521393 0.397755801677704 0.361313611268997 0.38499242067337 0.404154062271118 0.516237854957581 0.52367490530014 0.450080692768097 0.369614094495773 0.366017043590546 0.335468351840973 0.369961768388748 0.328621327877045 0.302442610263824 0.415632516145706 0.536125957965851 0.575549364089966 0.553527355194092 0.5063596367836 0.501015424728394 0.592591226100922 0.623520076274872 0.692074537277222 0.759340822696686 0.77964723110199 0.790970683097839 0.791014552116394 0.791151463985443 0.758767008781433 0.769549667835236 0.707566201686859 0.606768548488617 0.568428039550781 0.623657166957855 0.692103981971741 0.775277376174927 0.791589140892029 0.791003167629242 0.790639221668243 0.776868641376495 0.766527831554413 0.790305733680725 0.78883421421051 0.732065439224243 0.589104950428009 0.524454295635223 0.475419133901596 -9999 -9999 -9999 -9999 -9999 -9999 -9999 -9999
0.281365990638733 0.335830062627792 0.297037333250046 0.31682425737381 0.361932456493378 0.453115254640579 0.565841436386108 0.485723614692688 0.432444989681244 0.412298947572708 0.432237476110458 0.458805084228516 0.36239305138588 0.390896409749985 0.43914321064949 0.514765501022339 0.616493463516235 0.628604471683502 0.575327634811401 0.5241459608078 0.632345736026764 0.711576759815216 0.760374188423157 0.79093736410141 0.787043511867523 0.769292712211609 0.756161987781525 0.740663826465607 0.71170049905777 0.698534607887268 0.667048096656799 0.603239178657532 0.561269342899323 0.637969017028809 0.716401994228363 0.78643411397934 0.791404962539673 0.76432865858078 0.750316441059113 0.719011068344116 0.764314889907837 0.790250658988953 0.71690160036087 0.621455907821655 0.533729612827301 0.481174260377884 -9999 -9999 -9999 -9999 -9999 -9999 -9999 -9999 -9999
